86340 5
    1 0.642534 0.10 0.05 1.00 0.45 5.00 0.50 
      4.895 4.895 4.895 4.895 4.895 4.895 4.895 4.895 4.895 4.895 4.895 4.895 
    6 0.194570 0.10 0.10 1.00 0.65 1.00 0.25 
      0.125 0.138 0.200 0.562 1.688 3.550 4.188 3.825 3.012 1.975 0.562 0.213 
    7 0.122172 0.10 0.10 1.00 0.65 1.00 0.25 
      0.225 0.287 0.275 0.275 0.675 2.537 3.463 3.212 1.350 0.337 0.250 0.237 
   10 0.013575 0.10 0.10 1.00 0.70 0.50 0.20 
      0.162 0.150 0.162 0.275 0.525 1.038 0.962 0.550 0.338 0.200 0.138 0.138 
   11 0.027149 0.10 0.10 0.75 0.60 0.50 0.30 
      0.100 0.100 0.213 0.725 1.225 1.637 1.763 1.425 0.837 0.400 0.175 0.125 
86804 7
    1 0.648889 0.10 0.05 1.00 0.45 5.00 0.50 
      4.895 4.895 4.895 4.895 4.895 4.895 4.895 4.895 4.895 4.895 4.895 4.895 
    5 0.071111 0.10 0.05 1.00 0.45 5.00 0.50 
      0.138 0.150 0.162 0.338 1.487 4.425 5.625 5.850 4.588 1.662 0.288 0.225 
    6 0.124444 0.10 0.10 1.00 0.65 1.00 0.25 
      0.125 0.138 0.200 0.562 1.688 3.550 4.188 3.825 3.012 1.975 0.562 0.213 
    7 0.102222 0.10 0.10 1.00 0.65 1.00 0.25 
      0.225 0.287 0.275 0.275 0.675 2.537 3.463 3.212 1.350 0.337 0.250 0.237 
    8 0.017778 0.10 0.10 1.00 0.65 0.50 0.25 
      0.363 0.462 0.600 0.600 0.600 0.600 1.125 1.075 0.638 0.363 0.363 0.363 
   10 0.017778 0.10 0.10 1.00 0.70 0.50 0.20 
      0.162 0.150 0.162 0.275 0.525 1.038 0.962 0.550 0.338 0.200 0.138 0.138 
   11 0.017778 0.10 0.10 0.75 0.60 0.50 0.30 
      0.100 0.100 0.213 0.725 1.225 1.637 1.763 1.425 0.837 0.400 0.175 0.125 
85875 4
    1 0.674107 0.10 0.05 1.00 0.45 5.00 0.50 
      4.911 4.911 4.911 4.911 4.911 4.911 4.911 4.911 4.911 4.911 4.911 4.911 
    5 0.111607 0.10 0.05 1.00 0.45 5.00 0.50 
      0.200 0.213 0.250 0.587 1.850 4.575 5.513 5.787 4.600 1.725 0.400 0.312 
    6 0.178571 0.10 0.10 1.00 0.65 1.00 0.25 
      0.188 0.238 0.438 0.812 1.675 3.288 3.963 3.825 3.112 2.037 0.650 0.425 
    7 0.035714 0.10 0.10 1.00 0.65 1.00 0.25 
      0.225 0.287 0.275 0.275 0.675 2.537 3.463 3.212 1.350 0.337 0.250 0.237 
86339 5
    1 0.671362 0.10 0.05 1.00 0.45 5.00 0.50 
      4.895 4.895 4.895 4.895 4.895 4.895 4.895 4.895 4.895 4.895 4.895 4.895 
    5 0.042254 0.10 0.05 1.00 0.45 5.00 0.50 
      0.138 0.150 0.162 0.338 1.487 4.425 5.625 5.850 4.588 1.662 0.288 0.225 
    6 0.225352 0.10 0.10 1.00 0.65 1.00 0.25 
      0.125 0.138 0.200 0.562 1.688 3.550 4.188 3.825 3.012 1.975 0.562 0.213 
    7 0.023474 0.10 0.10 1.00 0.65 1.00 0.25 
      0.225 0.287 0.275 0.275 0.675 2.537 3.463 3.212 1.350 0.337 0.250 0.237 
   11 0.037559 0.10 0.10 0.75 0.60 0.50 0.30 
      0.100 0.100 0.213 0.725 1.225 1.637 1.763 1.425 0.837 0.400 0.175 0.125 
86803 6
    1 0.488889 0.10 0.05 1.00 0.45 5.00 0.50 
      4.895 4.895 4.895 4.895 4.895 4.895 4.895 4.895 4.895 4.895 4.895 4.895 
    5 0.146667 0.10 0.05 1.00 0.45 5.00 0.50 
      0.138 0.150 0.162 0.338 1.487 4.425 5.625 5.850 4.588 1.662 0.288 0.225 
    6 0.186667 0.10 0.10 1.00 0.65 1.00 0.25 
      0.125 0.138 0.200 0.562 1.688 3.550 4.188 3.825 3.012 1.975 0.562 0.213 
    7 0.106667 0.10 0.10 1.00 0.65 1.00 0.25 
      0.225 0.287 0.275 0.275 0.675 2.537 3.463 3.212 1.350 0.337 0.250 0.237 
   10 0.040000 0.10 0.10 1.00 0.70 0.50 0.20 
      0.162 0.150 0.162 0.275 0.525 1.038 0.962 0.550 0.338 0.200 0.138 0.138 
   11 0.031111 0.10 0.10 0.75 0.60 0.50 0.30 
      0.100 0.100 0.213 0.725 1.225 1.637 1.763 1.425 0.837 0.400 0.175 0.125 
87267 4
    1 0.672646 0.10 0.05 1.00 0.45 5.00 0.50 
      5.025 5.025 5.025 5.025 5.025 5.025 5.025 5.025 5.025 5.025 5.025 5.025 
    5 0.031390 0.10 0.05 1.00 0.45 5.00 0.50 
      0.138 0.150 0.162 0.338 1.487 4.425 5.625 5.850 4.588 1.662 0.288 0.225 
    6 0.219731 0.10 0.10 1.00 0.65 1.00 0.25 
      0.175 0.213 0.463 1.112 1.500 2.675 3.338 3.625 3.000 1.800 0.525 0.212 
    7 0.076233 0.10 0.10 1.00 0.65 1.00 0.25 
      0.225 0.287 0.275 0.275 0.675 2.537 3.463 3.212 1.350 0.337 0.250 0.237 
85874 7
    1 0.363229 0.10 0.05 1.00 0.45 5.00 0.50 
      4.933 4.933 4.933 4.933 4.933 4.933 4.933 4.933 4.933 4.933 4.933 4.933 
    5 0.179372 0.10 0.05 1.00 0.45 5.00 0.50 
      0.138 0.150 0.162 0.338 1.487 4.425 5.625 5.850 4.588 1.662 0.288 0.225 
    6 0.273543 0.10 0.10 1.00 0.65 1.00 0.25 
      0.188 0.238 0.438 0.812 1.675 3.287 3.963 3.825 3.113 2.037 0.650 0.425 
    7 0.080717 0.10 0.10 1.00 0.65 1.00 0.25 
      0.225 0.287 0.275 0.275 0.675 2.537 3.463 3.212 1.350 0.337 0.250 0.237 
    8 0.040359 0.10 0.10 1.00 0.65 0.50 0.25 
      0.363 0.462 0.600 0.600 0.600 0.600 1.125 1.075 0.638 0.363 0.363 0.363 
    9 0.017937 0.10 0.10 1.00 0.65 0.50 0.25 
      0.013 0.038 0.038 0.038 0.025 0.562 1.237 1.312 0.325 0.025 0.025 0.025 
   10 0.044843 0.10 0.10 1.00 0.70 0.50 0.20 
      0.162 0.150 0.162 0.275 0.525 1.038 0.962 0.550 0.338 0.200 0.138 0.138 
86338 5
    1 0.591928 0.10 0.05 1.00 0.45 5.00 0.50 
      4.895 4.895 4.895 4.895 4.895 4.895 4.895 4.895 4.895 4.895 4.895 4.895 
    5 0.264574 0.10 0.05 1.00 0.45 5.00 0.50 
      0.138 0.150 0.162 0.338 1.487 4.425 5.625 5.850 4.588 1.662 0.288 0.225 
    6 0.085202 0.10 0.10 1.00 0.65 1.00 0.25 
      0.213 0.275 0.600 1.137 1.612 2.850 3.513 3.625 3.088 1.938 0.625 0.413 
    7 0.022422 0.10 0.10 1.00 0.65 1.00 0.25 
      0.225 0.287 0.275 0.275 0.675 2.537 3.463 3.212 1.350 0.337 0.250 0.237 
   10 0.035874 0.10 0.10 1.00 0.70 0.50 0.20 
      0.162 0.150 0.162 0.275 0.525 1.038 0.962 0.550 0.338 0.200 0.138 0.138 
86802 5
    1 0.472973 0.10 0.05 1.00 0.45 5.00 0.50 
      4.895 4.895 4.895 4.895 4.895 4.895 4.895 4.895 4.895 4.895 4.895 4.895 
    5 0.184685 0.10 0.05 1.00 0.45 5.00 0.50 
      0.138 0.150 0.162 0.338 1.487 4.425 5.625 5.850 4.588 1.662 0.288 0.225 
    6 0.117117 0.10 0.10 1.00 0.65 1.00 0.25 
      0.213 0.275 0.600 1.137 1.612 2.850 3.513 3.625 3.088 1.938 0.625 0.413 
    7 0.139640 0.10 0.10 1.00 0.65 1.00 0.25 
      0.225 0.287 0.275 0.275 0.675 2.537 3.463 3.212 1.350 0.337 0.250 0.237 
   11 0.085586 0.10 0.10 0.75 0.60 0.50 0.30 
      0.100 0.100 0.213 0.725 1.225 1.637 1.763 1.425 0.837 0.400 0.175 0.125 
87266 7
    1 0.617778 0.10 0.05 1.00 0.45 5.00 0.50 
      4.979 4.979 4.979 4.979 4.979 4.979 4.979 4.979 4.979 4.979 4.979 4.979 
    5 0.057778 0.10 0.05 1.00 0.45 5.00 0.50 
      0.138 0.150 0.162 0.338 1.487 4.425 5.625 5.850 4.588 1.662 0.288 0.225 
    6 0.160000 0.10 0.10 1.00 0.65 1.00 0.25 
      0.175 0.213 0.463 1.112 1.500 2.675 3.338 3.625 3.000 1.800 0.525 0.213 
    7 0.102222 0.10 0.10 1.00 0.65 1.00 0.25 
      0.225 0.287 0.275 0.275 0.675 2.537 3.463 3.212 1.350 0.337 0.250 0.237 
    8 0.022222 0.10 0.10 1.00 0.65 0.50 0.25 
      0.363 0.462 0.600 0.600 0.600 0.600 1.125 1.075 0.638 0.363 0.363 0.363 
   10 0.026667 0.10 0.10 1.00 0.70 0.50 0.20 
      0.162 0.150 0.162 0.275 0.525 1.038 0.962 0.550 0.338 0.200 0.138 0.138 
   11 0.013333 0.10 0.10 0.75 0.60 0.50 0.30 
      0.100 0.100 0.213 0.725 1.225 1.637 1.763 1.425 0.837 0.400 0.175 0.125 
85873 7
    1 0.264574 0.10 0.05 1.00 0.45 5.00 0.50 
      4.933 4.933 4.933 4.933 4.933 4.933 4.933 4.933 4.933 4.933 4.933 4.933 
    5 0.394619 0.10 0.05 1.00 0.45 5.00 0.50 
      0.138 0.150 0.162 0.338 1.487 4.425 5.625 5.850 4.588 1.662 0.288 0.225 
    6 0.121076 0.10 0.10 1.00 0.65 1.00 0.25 
      0.188 0.238 0.438 0.812 1.675 3.287 3.963 3.825 3.113 2.037 0.650 0.425 
    7 0.067265 0.10 0.10 1.00 0.65 1.00 0.25 
      0.225 0.287 0.275 0.275 0.675 2.537 3.463 3.212 1.350 0.337 0.250 0.237 
    8 0.013453 0.10 0.10 1.00 0.65 0.50 0.25 
      0.363 0.462 0.600 0.600 0.600 0.600 1.125 1.075 0.638 0.363 0.363 0.363 
    9 0.031390 0.10 0.10 1.00 0.65 0.50 0.25 
      0.013 0.038 0.038 0.038 0.025 0.562 1.237 1.312 0.325 0.025 0.025 0.025 
   10 0.107623 0.10 0.10 1.00 0.70 0.50 0.20 
      0.162 0.150 0.162 0.275 0.525 1.038 0.962 0.550 0.338 0.200 0.138 0.138 
86337 5
    1 0.422727 0.10 0.05 1.00 0.45 5.00 0.50 
      4.895 4.895 4.895 4.895 4.895 4.895 4.895 4.895 4.895 4.895 4.895 4.895 
    5 0.363636 0.10 0.05 1.00 0.45 5.00 0.50 
      0.138 0.150 0.162 0.338 1.487 4.425 5.625 5.850 4.588 1.662 0.288 0.225 
    6 0.104545 0.10 0.10 1.00 0.65 1.00 0.25 
      0.213 0.275 0.600 1.137 1.612 2.850 3.513 3.625 3.088 1.938 0.625 0.413 
    7 0.081818 0.10 0.10 1.00 0.65 1.00 0.25 
      0.225 0.287 0.275 0.275 0.675 2.537 3.463 3.212 1.350 0.337 0.250 0.237 
   10 0.027273 0.10 0.10 1.00 0.70 0.50 0.20 
      0.162 0.150 0.162 0.275 0.525 1.038 0.962 0.550 0.338 0.200 0.138 0.138 
86801 8
    1 0.388393 0.10 0.05 1.00 0.45 5.00 0.50 
      4.895 4.895 4.895 4.895 4.895 4.895 4.895 4.895 4.895 4.895 4.895 4.895 
    5 0.312500 0.10 0.05 1.00 0.45 5.00 0.50 
      0.138 0.150 0.162 0.338 1.487 4.425 5.625 5.850 4.588 1.662 0.288 0.225 
    6 0.071429 0.10 0.10 1.00 0.65 1.00 0.25 
      0.213 0.275 0.600 1.137 1.612 2.850 3.513 3.625 3.088 1.938 0.625 0.413 
    7 0.075893 0.10 0.10 1.00 0.65 1.00 0.25 
      0.225 0.287 0.275 0.275 0.675 2.537 3.463 3.212 1.350 0.337 0.250 0.237 
    8 0.062500 0.10 0.10 1.00 0.65 0.50 0.25 
      0.363 0.462 0.600 0.600 0.600 0.600 1.125 1.075 0.638 0.363 0.363 0.363 
    9 0.013393 0.10 0.10 1.00 0.65 0.50 0.25 
      0.013 0.038 0.038 0.038 0.025 0.562 1.237 1.312 0.325 0.025 0.025 0.025 
   10 0.049107 0.10 0.10 1.00 0.70 0.50 0.20 
      0.162 0.150 0.162 0.275 0.525 1.038 0.962 0.550 0.338 0.200 0.138 0.138 
   11 0.026786 0.10 0.10 0.75 0.60 0.50 0.30 
      0.100 0.100 0.213 0.725 1.225 1.637 1.763 1.425 0.837 0.400 0.175 0.125 
87265 6
    1 0.459459 0.10 0.05 1.00 0.45 5.00 0.50 
      4.979 4.979 4.979 4.979 4.979 4.979 4.979 4.979 4.979 4.979 4.979 4.979 
    5 0.139640 0.10 0.05 1.00 0.45 5.00 0.50 
      0.138 0.150 0.162 0.338 1.487 4.425 5.625 5.850 4.588 1.662 0.288 0.225 
    6 0.211712 0.10 0.10 1.00 0.65 1.00 0.25 
      0.175 0.213 0.463 1.112 1.500 2.675 3.338 3.625 3.000 1.800 0.525 0.213 
    7 0.103604 0.10 0.10 1.00 0.65 1.00 0.25 
      0.225 0.287 0.275 0.275 0.675 2.537 3.463 3.212 1.350 0.337 0.250 0.237 
    9 0.027027 0.10 0.10 1.00 0.65 0.50 0.25 
      0.013 0.038 0.038 0.038 0.025 0.562 1.237 1.312 0.325 0.025 0.025 0.025 
   10 0.058559 0.10 0.10 1.00 0.70 0.50 0.20 
      0.162 0.150 0.162 0.275 0.525 1.038 0.962 0.550 0.338 0.200 0.138 0.138 
86336 7
    1 0.306667 0.10 0.05 1.00 0.45 5.00 0.50 
      4.911 4.911 4.911 4.911 4.911 4.911 4.911 4.911 4.911 4.911 4.911 4.911 
    5 0.262222 0.10 0.05 1.00 0.45 5.00 0.50 
      0.138 0.150 0.162 0.338 1.487 4.425 5.625 5.850 4.588 1.662 0.288 0.225 
    6 0.111111 0.10 0.10 1.00 0.65 1.00 0.25 
      0.213 0.275 0.600 1.137 1.612 2.850 3.513 3.625 3.088 1.938 0.625 0.412 
    7 0.080000 0.10 0.10 1.00 0.65 1.00 0.25 
      0.225 0.287 0.275 0.275 0.675 2.537 3.463 3.212 1.350 0.337 0.250 0.237 
    8 0.062222 0.10 0.10 1.00 0.65 0.50 0.25 
      0.363 0.462 0.600 0.600 0.600 0.600 1.125 1.075 0.638 0.363 0.363 0.363 
    9 0.057778 0.10 0.10 1.00 0.65 0.50 0.25 
      0.013 0.038 0.038 0.038 0.025 0.562 1.237 1.312 0.325 0.025 0.025 0.025 
   10 0.102222 0.10 0.10 1.00 0.70 0.50 0.20 
      0.162 0.150 0.162 0.275 0.525 1.038 0.962 0.550 0.338 0.200 0.138 0.138 
86800 8
    1 0.275556 0.10 0.05 1.00 0.45 5.00 0.50 
      4.911 4.911 4.911 4.911 4.911 4.911 4.911 4.911 4.911 4.911 4.911 4.911 
    5 0.253333 0.10 0.05 1.00 0.45 5.00 0.50 
      0.138 0.150 0.162 0.338 1.487 4.425 5.625 5.850 4.588 1.662 0.288 0.225 
    6 0.142222 0.10 0.10 1.00 0.65 1.00 0.25 
      0.213 0.275 0.600 1.137 1.612 2.850 3.513 3.625 3.088 1.938 0.625 0.412 
    7 0.071111 0.10 0.10 1.00 0.65 1.00 0.25 
      0.225 0.287 0.275 0.275 0.675 2.537 3.463 3.212 1.350 0.337 0.250 0.237 
    8 0.017778 0.10 0.10 1.00 0.65 0.50 0.25 
      0.363 0.462 0.600 0.600 0.600 0.600 1.125 1.075 0.638 0.363 0.363 0.363 
    9 0.053333 0.10 0.10 1.00 0.65 0.50 0.25 
      0.013 0.038 0.038 0.038 0.025 0.562 1.237 1.312 0.325 0.025 0.025 0.025 
   10 0.142222 0.10 0.10 1.00 0.70 0.50 0.20 
      0.162 0.150 0.162 0.275 0.525 1.038 0.962 0.550 0.338 0.200 0.138 0.138 
   11 0.026667 0.10 0.10 0.75 0.60 0.50 0.30 
      0.100 0.100 0.213 0.725 1.225 1.637 1.763 1.425 0.837 0.400 0.175 0.125 
