0.2052	 -10.9939	 0.0000	 224.7383	 1.1314	 85.1235	 0.2051	 4.6000
0.2052	 -11.5084	 0.0000	 222.9870	 1.1332	 85.0939	 0.2051	 4.6000
0.2052	 -11.9660	 0.0000	 221.4384	 1.1348	 85.0675	 0.2051	 4.6000
0.2052	 -12.3502	 0.0000	 220.1441	 1.1362	 85.0452	 0.2051	 4.6000
0.2052	 -12.6448	 0.0000	 219.1394	 1.1373	 85.0281	 0.2042	 4.6000
0.2052	 -12.8335	 0.0000	 218.4408	 1.1379	 85.0171	 0.2007	 4.6000
0.2052	 -12.9000	 0.0000	 218.1952	 1.1382	 85.0133	 0.1995	 4.6000
0.2052	 -12.5305	 0.0643	 219.4610	 1.1369	 85.0347	 0.2011	 4.6000
0.2052	 -11.5777	 31.8720	 222.5948	 1.1335	 85.0899	 0.1970	 4.6000
0.2052	 -10.2748	 82.0069	 226.9628	 1.1288	 85.1647	 0.1930	 4.6000
0.2052	 -8.8552	 117.7676	 231.8014	 1.1238	 85.2454	 0.1890	 4.6000
0.2052	 -7.5523	 136.7169	 236.3025	 1.1193	 85.3187	 0.1850	 4.6000
0.2052	 -6.5995	 137.5637	 239.6120	 1.1160	 85.3720	 0.1810	 4.6000
0.2052	 -6.2300	 120.2500	 240.8515	 1.1147	 85.3925	 0.1770	 4.6000
0.2052	 -6.3727	 85.9560	 240.2520	 1.1152	 85.3846	 0.1730	 4.6000
0.2052	 -6.7776	 37.0185	 238.7157	 1.1166	 85.3620	 0.1690	 4.6000
0.2052	 -7.4096	 0.5860	 236.3800	 1.1188	 85.3267	 0.1650	 4.6000
0.2052	 -8.2339	 0.0000	 233.3853	 1.1217	 85.2804	 0.1610	 4.6000
0.2052	 -9.2155	 0.0000	 229.8725	 1.1251	 85.2250	 0.1570	 4.6000
0.2052	 -10.3194	 0.0000	 225.9795	 1.1290	 85.1621	 0.1530	 4.6000
0.2052	 -11.5107	 0.0000	 221.8403	 1.1332	 85.0937	 0.1490	 4.6000
0.2052	 -12.7544	 0.0000	 217.5832	 1.1377	 85.0217	 0.1450	 4.6000
0.2052	 -14.0156	 0.0000	 213.3299	 1.1422	 84.9481	 0.1410	 4.6000
0.2052	 -15.2593	 0.0000	 209.1953	 1.1467	 84.8748	 0.1369	 4.6000
0.0000	 -16.4506	 0.0000	 173.2803	 1.1511	 84.8039	 0.1329	 2.5800
0.0000	 -17.5545	 0.0000	 170.1949	 1.1552	 84.7378	 0.1289	 2.5800
0.0000	 -18.5361	 0.0000	 167.2168	 1.1588	 84.6785	 0.1180	 2.5800
0.0000	 -19.3604	 0.0000	 164.7496	 1.1619	 84.6283	 0.1090	 2.5800
0.0000	 -19.9924	 0.0000	 162.8881	 1.1642	 84.5897	 0.1026	 2.5800
0.0000	 -20.3973	 0.0000	 161.7092	 1.1658	 84.5649	 0.0986	 2.5800
0.0000	 -20.5400	 0.0000	 161.2961	 1.1663	 84.5561	 0.0973	 2.5800
0.0000	 -19.8398	 0.1626	 163.3351	 1.1637	 84.5990	 0.1041	 2.5800
0.0000	 -18.0341	 58.4596	 168.0532	 1.1569	 84.7088	 0.1051	 2.5800
0.0000	 -15.5651	 148.9515	 174.5409	 1.1478	 84.8566	 0.1032	 2.5800
0.0000	 -12.8749	 213.4965	 181.8274	 1.1381	 85.0147	 0.1013	 2.5800
0.0000	 -10.4059	 247.6962	 188.7064	 1.1293	 85.1572	 0.0994	 2.5800
0.0000	 -8.6002	 249.2198	 193.8372	 1.1229	 85.2598	 0.0976	 2.5800
0.0000	 -7.9000	 217.9634	 195.8040	 1.1205	 85.2992	 0.0957	 2.5800
0.0000	 -8.0826	 156.0573	 195.1858	 1.1211	 85.2890	 0.0938	 2.5800
0.0000	 -8.6006	 67.7201	 193.5901	 1.1229	 85.2598	 0.0919	 2.5800
0.0000	 -9.4094	 1.1855	 191.1641	 1.1258	 85.2140	 0.0900	 2.5800
0.0000	 -10.4641	 0.0000	 188.0588	 1.1295	 85.1538	 0.0881	 2.5800
0.0000	 -11.7200	 0.0000	 184.4256	 1.1340	 85.0817	 0.0862	 2.5800
0.0000	 -13.1325	 0.0000	 180.4124	 1.1390	 84.9997	 0.0843	 2.5800
0.0000	 -14.6568	 0.0000	 176.1613	 1.1445	 84.9104	 0.0824	 2.5800
0.0000	 -16.2481	 0.0000	 171.8069	 1.1503	 84.8160	 0.0805	 2.5800
0.0000	 -17.8619	 0.0000	 167.4751	 1.1563	 84.7192	 0.0786	 2.5800
0.0000	 -19.4532	 0.0000	 163.2829	 1.1622	 84.6227	 0.0768	 2.5800
0.0000	 -20.9775	 0.0000	 158.0986	 1.1680	 84.5291	 0.0749	 0.7400
0.0000	 -22.3900	 0.0000	 154.5286	 1.1733	 84.4415	 0.0730	 0.7400
0.0000	 -23.6459	 0.0000	 151.3971	 1.1781	 84.3628	 0.0711	 0.7400
0.0000	 -24.7006	 0.0000	 148.6123	 1.1822	 84.2962	 0.0645	 0.7400
0.0000	 -25.5094	 0.0000	 146.4994	 1.1853	 84.2447	 0.0595	 0.7400
0.0000	 -26.0274	 0.0000	 145.1640	 1.1873	 84.2116	 0.0564	 0.7400
0.0000	 -26.2100	 0.0000	 144.6965	 1.1881	 84.1999	 0.0554	 0.7400
0.0000	 -25.4384	 0.2224	 146.6835	 1.1851	 84.2493	 0.0599	 0.7400
0.0000	 -23.4484	 60.8828	 151.6775	 1.1774	 84.3753	 0.0660	 0.7400
0.0000	 -20.7273	 153.6507	 158.4193	 1.1670	 84.5446	 0.0673	 0.7400
0.0000	 -17.7627	 219.8255	 166.0134	 1.1559	 84.7252	 0.0685	 0.7400
0.0000	 -15.0416	 254.8977	 173.2250	 1.1459	 84.8876	 0.0698	 0.7400
0.0000	 -13.0516	 256.4770	 178.6609	 1.1387	 85.0044	 0.0710	 0.7400
0.0000	 -12.2800	 224.4559	 180.8368	 1.1360	 85.0493	 0.0723	 0.7400
0.0000	 -12.3709	 161.0165	 180.6416	 1.1363	 85.0440	 0.0735	 0.7400
0.0000	 -12.6286	 70.4822	 179.9869	 1.1372	 85.0290	 0.0748	 0.7400
0.0000	 -13.0310	 1.3776	 178.9373	 1.1387	 85.0056	 0.0760	 0.7400
0.0000	 -13.5557	 0.0000	 177.5585	 1.1405	 84.9750	 0.0773	 0.7400
0.0000	 -14.1806	 0.0000	 175.9166	 1.1428	 84.9384	 0.0785	 0.7400
0.0000	 -14.8834	 0.0000	 174.0769	 1.1454	 84.8970	 0.0798	 0.7400
0.0000	 -15.6418	 0.0000	 172.1033	 1.1481	 84.8521	 0.0810	 0.7400
0.0000	 -16.4336	 0.0000	 170.0583	 1.1510	 84.8049	 0.0823	 0.7400
0.0000	 -17.2364	 0.0000	 168.0023	 1.1540	 84.7569	 0.0836	 0.7400
0.0000	 -18.0282	 0.0000	 165.9935	 1.1569	 84.7092	 0.0848	 0.7400
0.0000	 -18.7866	 0.0000	 178.2714	 1.1597	 84.6633	 0.0861	 2.0700
0.0000	 -19.4894	 0.0000	 176.3565	 1.1624	 84.6205	 0.0873	 2.0700
0.0000	 -20.1143	 0.0000	 174.6711	 1.1647	 84.5822	 0.0886	 2.0700
0.0000	 -20.6390	 0.0000	 173.2711	 1.1667	 84.5500	 0.0898	 2.0700
0.0000	 -21.0414	 0.0000	 172.2123	 1.1682	 84.5252	 0.0911	 2.0700
0.0000	 -21.2991	 0.0000	 171.4900	 1.1692	 84.5093	 0.0903	 2.0700
0.0000	 -21.3900	 0.0000	 171.2192	 1.1695	 84.5036	 0.0896	 2.0700
0.0000	 -20.9629	 0.2307	 172.4962	 1.1679	 84.5300	 0.0934	 2.0700
0.0000	 -19.8615	 49.8537	 175.5958	 1.1638	 84.5977	 0.0959	 2.0700
0.0000	 -18.3555	 124.6485	 179.8284	 1.1581	 84.6894	 0.0971	 2.0700
0.0000	 -16.7145	 178.0141	 184.5232	 1.1521	 84.7882	 0.0983	 2.0700
0.0000	 -15.2085	 206.3138	 188.9156	 1.1465	 84.8778	 0.0994	 2.0700
0.0000	 -14.1071	 207.6189	 192.1875	 1.1425	 84.9427	 0.1006	 2.0700
0.0000	 -13.6800	 181.8406	 193.4912	 1.1410	 84.9677	 0.1018	 2.0700
0.0000	 -13.7298	 130.7356	 193.3818	 1.1412	 84.9648	 0.1029	 2.0700
0.0000	 -13.8709	 57.7865	 193.0013	 1.1417	 84.9565	 0.1041	 2.0700
0.0000	 -14.0913	 1.2696	 192.3868	 1.1425	 84.9436	 0.1053	 2.0700
0.0000	 -14.3788	 0.0000	 191.5760	 1.1435	 84.9267	 0.1064	 2.0700
0.0000	 -14.7211	 0.0000	 190.6066	 1.1448	 84.9066	 0.1076	 2.0700
0.0000	 -15.1060	 0.0000	 189.5159	 1.1462	 84.8838	 0.1088	 2.0700
0.0000	 -15.5214	 0.0000	 188.3410	 1.1477	 84.8592	 0.1100	 2.0700
0.0000	 -15.9551	 0.0000	 187.1186	 1.1493	 84.8335	 0.1111	 2.0700
0.0000	 -16.3949	 0.0000	 185.8844	 1.1509	 84.8073	 0.1123	 2.0700
0.0000	 -16.8286	 0.0000	 184.6737	 1.1525	 84.7813	 0.1135	 2.0700
0.1354	 -17.2440	 0.0000	 198.4625	 1.1540	 84.7564	 0.1146	 1.8500
0.1354	 -17.6289	 0.0000	 197.3018	 1.1554	 84.7333	 0.1158	 1.8500
0.1354	 -17.9712	 0.0000	 196.2768	 1.1567	 84.7126	 0.1170	 1.8500
0.1354	 -18.2587	 0.0000	 195.4233	 1.1578	 84.6953	 0.1182	 1.8500
0.1354	 -18.4791	 0.0000	 194.7606	 1.1586	 84.6819	 0.1186	 1.8500
0.1354	 -18.6202	 0.0000	 194.2949	 1.1591	 84.6734	 0.1170	 1.8500
0.1354	 -18.6700	 0.0000	 194.1311	 1.1593	 84.6703	 0.1165	 1.8500
0.1354	 -18.2435	 0.2163	 195.5402	 1.1577	 84.6962	 0.1213	 1.8500
0.1354	 -17.1435	 37.9450	 199.0638	 1.1536	 84.7625	 0.1274	 1.8500
0.1354	 -15.6394	 94.0137	 203.8319	 1.1481	 84.8522	 0.1303	 1.8500
0.1354	 -14.0006	 134.0318	 209.1177	 1.1422	 84.9489	 0.1332	 1.8500
0.1354	 -12.4965	 155.2723	 214.0644	 1.1367	 85.0367	 0.1361	 1.8500
0.1354	 -11.3965	 156.2877	 217.7554	 1.1328	 85.1003	 0.1389	 1.8500
0.1354	 -10.9700	 137.0086	 219.2410	 1.1313	 85.1248	 0.1418	 1.8500
0.1354	 -10.9963	 98.7491	 219.2211	 1.1314	 85.1233	 0.1447	 1.8500
0.1354	 -11.0710	 44.1163	 219.0398	 1.1317	 85.1190	 0.1476	 1.8500
0.1354	 -11.1876	 1.0940	 218.7189	 1.1321	 85.1123	 0.1505	 1.8500
0.1354	 -11.3397	 0.0000	 218.2801	 1.1326	 85.1036	 0.1533	 1.8500
0.1354	 -11.5208	 0.0000	 217.7454	 1.1333	 85.0932	 0.1562	 1.8500
0.1354	 -11.7244	 0.0000	 217.1367	 1.1340	 85.0814	 0.1591	 1.8500
0.1354	 -11.9442	 0.0000	 216.4757	 1.1348	 85.0687	 0.1620	 1.8500
0.1354	 -12.1737	 0.0000	 215.7840	 1.1356	 85.0554	 0.1648	 1.8500
0.1354	 -12.4063	 0.0000	 215.0831	 1.1364	 85.0420	 0.1677	 1.8500
0.1354	 -12.6358	 0.0000	 214.3942	 1.1372	 85.0286	 0.1706	 1.8500
0.2656	 -12.8556	 0.0000	 220.3614	 1.1380	 85.0159	 0.1735	 3.2000
0.2656	 -13.0592	 0.0000	 219.7292	 1.1388	 85.0040	 0.1764	 3.2000
0.2656	 -13.2403	 0.0000	 219.1738	 1.1394	 84.9934	 0.1792	 3.2000
0.2656	 -13.3924	 0.0000	 218.7166	 1.1400	 84.9846	 0.1821	 3.2000
0.2656	 -13.5090	 0.0000	 218.3788	 1.1404	 84.9777	 0.1850	 3.2000
0.2656	 -13.5837	 0.0000	 218.1734	 1.1407	 84.9734	 0.1874	 3.2000
0.2656	 -13.6100	 0.0000	 218.0770	 1.1407	 84.9718	 0.1870	 3.2000
0.2656	 -13.2710	 0.2263	 219.3013	 1.1395	 84.9916	 0.1917	 3.2000
0.2656	 -12.3967	 32.9489	 222.2736	 1.1364	 85.0425	 0.1927	 3.2000
0.2656	 -11.2013	 80.9129	 226.3798	 1.1321	 85.1116	 0.1937	 3.2000
0.2656	 -9.8987	 115.1621	 230.9166	 1.1275	 85.1861	 0.1947	 3.2000
0.2656	 -8.7033	 133.3625	 235.1417	 1.1233	 85.2540	 0.1957	 3.2000
0.2656	 -7.8290	 134.2737	 238.2733	 1.1202	 85.3032	 0.1967	 3.2000
0.2656	 -7.4900	 117.8337	 239.5078	 1.1191	 85.3222	 0.1977	 3.2000
0.2656	 -7.5462	 85.1627	 239.3254	 1.1193	 85.3191	 0.1987	 3.2000
0.2656	 -7.7054	 38.4874	 238.7733	 1.1198	 85.3101	 0.1996	 3.2000
0.2656	 -7.9541	 1.0810	 237.9025	 1.1207	 85.2962	 0.2006	 3.2000
0.2656	 -8.2784	 0.0000	 236.7646	 1.1218	 85.2779	 0.2016	 3.2000
0.2656	 -8.6646	 0.0000	 235.4113	 1.1232	 85.2561	 0.2026	 3.2000
0.2656	 -9.0989	 0.0000	 233.8939	 1.1247	 85.2316	 0.2036	 3.2000
0.2656	 -9.5676	 0.0000	 232.2631	 1.1263	 85.2050	 0.2046	 3.2000
0.2656	 -10.0569	 0.0000	 230.5688	 1.1281	 85.1771	 0.2056	 3.2000
0.2656	 -10.5531	 0.0000	 228.8598	 1.1298	 85.1487	 0.2065	 3.2000
0.2656	 -11.0424	 0.0000	 227.1841	 1.1315	 85.1207	 0.2075	 3.2000
0.0854	 -11.5111	 0.0000	 210.0375	 1.1332	 85.0937	 0.2085	 5.8200
0.0854	 -11.9454	 0.0000	 208.6800	 1.1348	 85.0686	 0.2095	 5.8200
0.0854	 -12.3316	 0.0000	 207.4720	 1.1361	 85.0463	 0.2101	 5.8200
0.0854	 -12.6559	 0.0000	 206.2954	 1.1373	 85.0275	 0.2040	 5.8200
0.0854	 -12.9046	 0.0000	 205.3987	 1.1382	 85.0130	 0.1995	 5.8200
0.0854	 -13.0638	 0.0000	 204.8267	 1.1388	 85.0037	 0.1966	 5.8200
0.0854	 -13.1200	 0.0000	 204.6255	 1.1390	 85.0004	 0.1956	 5.8200
0.0854	 -12.4852	 0.4466	 206.9137	 1.1367	 85.0374	 0.2072	 5.8200
0.0854	 -10.8480	 47.1549	 212.0748	 1.1309	 85.1318	 0.2051	 5.8200
0.0854	 -8.6095	 113.7623	 219.2381	 1.1230	 85.2593	 0.2005	 5.8200
0.0854	 -6.1705	 161.2779	 227.2578	 1.1145	 85.3958	 0.1959	 5.8200
0.0854	 -3.9320	 186.4637	 234.7977	 1.1068	 85.5191	 0.1912	 5.8200
0.0854	 -2.2948	 187.6032	 240.3923	 1.1013	 85.6081	 0.1866	 5.8200
0.0854	 -1.6600	 164.6188	 242.5038	 1.0991	 85.6424	 0.1819	 5.8200
0.0854	 -1.8536	 119.0768	 241.6789	 1.0998	 85.6319	 0.1773	 5.8200
0.0854	 -2.4027	 54.0809	 239.6009	 1.1016	 85.6023	 0.1726	 5.8200
0.0854	 -3.2601	 1.6038	 236.4594	 1.1045	 85.5558	 0.1680	 5.8200
0.0854	 -4.3781	 0.0000	 232.4494	 1.1083	 85.4947	 0.1634	 5.8200
0.0854	 -5.7095	 0.0000	 227.7660	 1.1129	 85.4214	 0.1587	 5.8200
0.0854	 -7.2068	 0.0000	 222.5998	 1.1181	 85.3381	 0.1541	 5.8200
0.0854	 -8.8227	 0.0000	 217.1335	 1.1237	 85.2472	 0.1494	 5.8200
0.0854	 -10.5097	 0.0000	 211.5397	 1.1297	 85.1512	 0.1448	 5.8200
0.0854	 -12.2203	 0.0000	 205.9795	 1.1358	 85.0527	 0.1401	 5.8200
0.0854	 -13.9073	 0.0000	 200.6020	 1.1418	 84.9544	 0.1355	 5.8200
0.0187	 -15.5232	 0.0000	 194.6568	 1.1477	 84.8591	 0.1309	 2.1200
0.0187	 -17.0205	 0.0000	 190.0653	 1.1532	 84.7698	 0.1262	 2.1200
0.0187	 -18.3519	 0.0000	 185.9955	 1.1581	 84.6896	 0.1200	 2.1200
0.0187	 -19.4699	 0.0000	 182.4369	 1.1623	 84.6217	 0.1079	 2.1200
0.0187	 -20.3273	 0.0000	 179.7591	 1.1655	 84.5692	 0.0993	 2.1200
0.0187	 -20.8764	 0.0000	 178.0664	 1.1676	 84.5354	 0.0941	 2.1200
0.0187	 -21.0700	 0.0000	 177.4738	 1.1683	 84.5234	 0.0924	 2.1200
0.0187	 -20.3942	 0.5384	 179.5519	 1.1658	 84.5650	 0.0987	 2.1200
0.0187	 -18.6513	 49.4089	 184.5433	 1.1592	 84.6715	 0.0989	 2.1200
0.0187	 -16.2683	 118.2139	 191.4668	 1.1504	 84.8148	 0.0969	 2.1200
0.0187	 -13.6717	 167.3310	 199.2349	 1.1410	 84.9682	 0.0948	 2.1200
0.0187	 -11.2887	 193.4130	 206.5646	 1.1324	 85.1065	 0.0928	 2.1200
0.0187	 -9.5458	 194.6825	 212.0337	 1.1263	 85.2062	 0.0907	 2.1200
0.0187	 -8.8700	 171.0528	 214.1425	 1.1239	 85.2445	 0.0887	 2.1200
0.0187	 -9.0575	 124.1344	 213.4709	 1.1245	 85.2339	 0.0866	 2.1200
0.0187	 -9.5894	 57.1247	 211.6956	 1.1264	 85.2037	 0.0846	 2.1200
0.0187	 -10.4198	 1.9314	 208.9828	 1.1293	 85.1564	 0.0825	 2.1200
0.0187	 -11.5027	 0.0000	 205.5039	 1.1332	 85.0942	 0.0805	 2.1200
0.0187	 -12.7922	 0.0000	 201.4300	 1.1378	 85.0195	 0.0785	 2.1200
0.0187	 -14.2425	 0.0000	 196.9289	 1.1430	 84.9347	 0.0764	 2.1200
0.0187	 -15.8076	 0.0000	 192.1614	 1.1487	 84.8422	 0.0744	 2.1200
0.0187	 -17.4415	 0.0000	 187.2795	 1.1547	 84.7445	 0.0723	 2.1200
0.0187	 -19.0985	 0.0000	 182.4252	 1.1609	 84.6443	 0.0703	 2.1200
0.0187	 -20.7324	 0.0000	 177.7302	 1.1670	 84.5442	 0.0682	 2.1200
0.0000	 -22.2975	 0.0000	 155.4406	 1.1730	 84.4473	 0.0662	 0.3300
0.0000	 -23.7478	 0.0000	 151.8126	 1.1785	 84.3564	 0.0641	 0.3300
0.0000	 -25.0373	 0.0000	 148.6314	 1.1835	 84.2748	 0.0621	 0.3300
0.0000	 -26.1202	 0.0000	 145.8268	 1.1877	 84.2057	 0.0559	 0.3300
0.0000	 -26.9506	 0.0000	 143.7088	 1.1910	 84.1523	 0.0514	 0.3300
0.0000	 -27.4825	 0.0000	 142.3701	 1.1931	 84.1179	 0.0486	 0.3300
0.0000	 -27.6700	 0.0000	 141.9014	 1.1938	 84.1057	 0.0477	 0.3300
0.0000	 -26.9565	 0.9673	 143.6938	 1.1910	 84.1519	 0.0513	 0.3300
0.0000	 -25.1165	 69.1529	 148.1561	 1.1838	 84.2698	 0.0547	 0.3300
0.0000	 -22.6006	 162.7141	 154.2531	 1.1741	 84.4284	 0.0551	 0.3300
0.0000	 -19.8594	 229.4543	 161.1067	 1.1637	 84.5978	 0.0555	 0.3300
0.0000	 -17.3435	 264.8250	 167.5971	 1.1544	 84.7504	 0.0559	 0.3300
0.0000	 -15.5035	 266.4160	 172.4711	 1.1476	 84.8603	 0.0563	 0.3300
0.0000	 -14.7900	 234.1187	 174.4001	 1.1450	 84.9025	 0.0567	 0.3300
0.0000	 -14.9019	 170.1341	 174.1168	 1.1454	 84.8959	 0.0571	 0.3300
0.0000	 -15.2193	 78.8228	 173.2828	 1.1466	 84.8771	 0.0575	 0.3300
0.0000	 -15.7149	 2.8508	 171.9770	 1.1484	 84.8477	 0.0579	 0.3300
0.0000	 -16.3612	 0.0000	 170.2800	 1.1508	 84.8093	 0.0583	 0.3300
0.0000	 -17.1308	 0.0000	 168.2722	 1.1536	 84.7632	 0.0587	 0.3300
0.0000	 -17.9964	 0.0000	 166.0334	 1.1568	 84.7111	 0.0591	 0.3300
0.0000	 -18.9304	 0.0000	 163.6411	 1.1603	 84.6545	 0.0595	 0.3300
0.0000	 -19.9056	 0.0000	 161.1704	 1.1639	 84.5950	 0.0599	 0.3300
0.0000	 -20.8944	 0.0000	 158.6935	 1.1676	 84.5343	 0.0603	 0.3300
0.0000	 -21.8696	 0.0000	 156.2791	 1.1713	 84.4739	 0.0607	 0.3300
0.0000	 -22.8036	 0.0000	 154.4353	 1.1749	 84.4157	 0.0611	 0.4100
0.0000	 -23.6692	 0.0000	 152.3342	 1.1782	 84.3614	 0.0615	 0.4100
0.0000	 -24.4388	 0.0000	 150.4857	 1.1812	 84.3128	 0.0619	 0.4100
0.0000	 -25.0851	 0.0000	 148.9422	 1.1837	 84.2718	 0.0621	 0.4100
0.0000	 -25.5807	 0.0000	 147.6450	 1.1856	 84.2402	 0.0590	 0.4100
0.0000	 -25.8981	 0.0000	 146.8208	 1.1868	 84.2199	 0.0572	 0.4100
0.0000	 -26.0100	 0.0000	 146.5315	 1.1873	 84.2127	 0.0565	 0.4100
0.0000	 -25.3181	 1.0938	 148.3306	 1.1846	 84.2569	 0.0606	 0.4100
0.0000	 -23.5338	 69.9258	 152.8074	 1.1777	 84.3699	 0.0652	 0.4100
0.0000	 -21.0941	 163.2587	 158.8787	 1.1684	 84.5219	 0.0660	 0.4100
0.0000	 -18.4359	 229.8967	 165.6945	 1.1584	 84.6845	 0.0669	 0.4100
0.0000	 -15.9962	 265.2985	 172.1440	 1.1494	 84.8310	 0.0678	 0.4100
0.0000	 -14.2119	 267.0517	 176.9886	 1.1429	 84.9365	 0.0686	 0.4100
0.0000	 -13.5200	 235.0368	 178.9172	 1.1404	 84.9771	 0.0695	 0.4100
0.0000	 -13.6138	 171.4354	 178.6972	 1.1408	 84.9716	 0.0703	 0.4100
0.0000	 -13.8797	 80.5820	 178.0060	 1.1417	 84.9560	 0.0712	 0.4100
0.0000	 -14.2949	 3.3284	 176.9101	 1.1432	 84.9317	 0.0721	 0.4100
0.0000	 -14.8363	 0.0000	 175.4773	 1.1452	 84.8998	 0.0729	 0.4100
0.0000	 -15.4811	 0.0000	 173.7755	 1.1475	 84.8616	 0.0738	 0.4100
0.0000	 -16.2063	 0.0000	 171.8718	 1.1502	 84.8185	 0.0747	 0.4100
0.0000	 -16.9888	 0.0000	 169.8321	 1.1531	 84.7717	 0.0755	 0.4100
0.0000	 -17.8058	 0.0000	 167.7203	 1.1561	 84.7226	 0.0764	 0.4100
0.0000	 -18.6342	 0.0000	 165.5985	 1.1592	 84.6725	 0.0772	 0.4100
0.0000	 -19.4512	 0.0000	 163.5262	 1.1622	 84.6228	 0.0781	 0.4100
