0.3271	 -12.0640	 0.0000	 226.4139	 1.0699	 80.1665	 0.1901	 4.6600
0.3271	 -12.4489	 0.0000	 225.0864	 1.0711	 80.1382	 0.1901	 4.6600
0.3271	 -12.7912	 0.0000	 223.9109	 1.0721	 80.1129	 0.1901	 4.6600
0.3271	 -13.0787	 0.0000	 222.9273	 1.0730	 80.0917	 0.1901	 4.6600
0.3271	 -13.2991	 0.0000	 222.1753	 1.0737	 80.0754	 0.1901	 4.6600
0.3271	 -13.4402	 0.0000	 221.6917	 1.0742	 80.0649	 0.1899	 4.6600
0.3271	 -13.4900	 0.0000	 221.5079	 1.0743	 80.0612	 0.1891	 4.6600
0.3271	 -13.2136	 0.0114	 222.4179	 1.0735	 80.0817	 0.1872	 4.6600
0.3271	 -12.5007	 27.0195	 224.8095	 1.0712	 80.1344	 0.1843	 4.6600
0.3271	 -11.5260	 71.7395	 228.1289	 1.0682	 80.2059	 0.1815	 4.6600
0.3271	 -10.4640	 103.7310	 231.7916	 1.0649	 80.2833	 0.1786	 4.6600
0.3271	 -9.4893	 120.8137	 235.1872	 1.0619	 80.3539	 0.1757	 4.6600
0.3271	 -8.7764	 121.8235	 237.6798	 1.0597	 80.4052	 0.1728	 4.6600
0.3271	 -8.5000	 106.6917	 238.6190	 1.0589	 80.4250	 0.1700	 4.6600
0.3271	 -8.6029	 76.4493	 238.1961	 1.0592	 80.4177	 0.1671	 4.6600
0.3271	 -8.8949	 33.1575	 237.0965	 1.0601	 80.3967	 0.1642	 4.6600
0.3271	 -9.3507	 0.5709	 235.4169	 1.0615	 80.3639	 0.1613	 4.6600
0.3271	 -9.9452	 0.0000	 233.2558	 1.0633	 80.3210	 0.1585	 4.6600
0.3271	 -10.6531	 0.0000	 230.7116	 1.0655	 80.2696	 0.1556	 4.6600
0.3271	 -11.4492	 0.0000	 227.8816	 1.0679	 80.2115	 0.1527	 4.6600
0.3271	 -12.3083	 0.0000	 224.8609	 1.0706	 80.1485	 0.1498	 4.6600
0.3271	 -13.2052	 0.0000	 221.7414	 1.0734	 80.0823	 0.1470	 4.6600
0.3271	 -14.1148	 0.0000	 218.6119	 1.0763	 80.0148	 0.1441	 4.6600
0.3271	 -15.0117	 0.0000	 215.5575	 1.0791	 79.9478	 0.1412	 4.6600
0.0583	 -15.8708	 0.0000	 198.9212	 1.0819	 79.8832	 0.1383	 2.5400
0.0583	 -16.6669	 0.0000	 196.4109	 1.0844	 79.8230	 0.1355	 2.5400
0.0583	 -17.3748	 0.0000	 194.1697	 1.0867	 79.7692	 0.1317	 2.5400
0.0583	 -17.9693	 0.0000	 192.2028	 1.0886	 79.7237	 0.1245	 2.5400
0.0583	 -18.4251	 0.0000	 190.7094	 1.0900	 79.6888	 0.1192	 2.5400
0.0583	 -18.7171	 0.0000	 189.7593	 1.0910	 79.6664	 0.1159	 2.5400
0.0583	 -18.8200	 0.0000	 189.4256	 1.0913	 79.6584	 0.1148	 2.5400
0.0583	 -18.3602	 0.0319	 190.9095	 1.0898	 79.6938	 0.1195	 2.5400
0.0583	 -17.1745	 38.3909	 194.4343	 1.0860	 79.7844	 0.1179	 2.5400
0.0583	 -15.5532	 100.8732	 199.3474	 1.0808	 79.9071	 0.1163	 2.5400
0.0583	 -13.7868	 145.5704	 204.8093	 1.0753	 80.0392	 0.1147	 2.5400
0.0583	 -12.1655	 169.4367	 209.9165	 1.0702	 80.1590	 0.1131	 2.5400
0.0583	 -10.9798	 170.8454	 213.6997	 1.0665	 80.2458	 0.1115	 2.5400
0.0583	 -10.5200	 149.7007	 215.1533	 1.0651	 80.2793	 0.1099	 2.5400
0.0583	 -10.6427	 107.4435	 214.7090	 1.0654	 80.2704	 0.1083	 2.5400
0.0583	 -10.9907	 46.9535	 213.5326	 1.0665	 80.2450	 0.1067	 2.5400
0.0583	 -11.5339	 0.8906	 211.7303	 1.0682	 80.2053	 0.1051	 2.5400
0.0583	 -12.2425	 0.0000	 209.4101	 1.0704	 80.1534	 0.1035	 2.5400
0.0583	 -13.0862	 0.0000	 206.6802	 1.0731	 80.0911	 0.1019	 2.5400
0.0583	 -14.0350	 0.0000	 203.6474	 1.0760	 80.0207	 0.1003	 2.5400
0.0583	 -15.0590	 0.0000	 200.4154	 1.0793	 79.9442	 0.0987	 2.5400
0.0583	 -16.1280	 0.0000	 197.0841	 1.0827	 79.8638	 0.0971	 2.5400
0.0583	 -17.2120	 0.0000	 193.7491	 1.0861	 79.7816	 0.0956	 2.5400
0.0583	 -18.2810	 0.0000	 190.5012	 1.0896	 79.6999	 0.0940	 2.5400
0.0000	 -19.3050	 0.0000	 169.6059	 1.0929	 79.6210	 0.0924	 0.7800
0.0000	 -20.2538	 0.0000	 167.0406	 1.0960	 79.5475	 0.0908	 0.7800
0.0000	 -21.0975	 0.0000	 164.7778	 1.0987	 79.4817	 0.0892	 0.7800
0.0000	 -21.8061	 0.0000	 162.8312	 1.1011	 79.4261	 0.0860	 0.7800
0.0000	 -22.3493	 0.0000	 161.2796	 1.1029	 79.3833	 0.0815	 0.7800
0.0000	 -22.6973	 0.0000	 160.2947	 1.1040	 79.3558	 0.0788	 0.7800
0.0000	 -22.8200	 0.0000	 159.9491	 1.1044	 79.3460	 0.0778	 0.7800
0.0000	 -22.3292	 0.0735	 161.3368	 1.1028	 79.3848	 0.0817	 0.7800
0.0000	 -21.0635	 53.8746	 164.6981	 1.0986	 79.4843	 0.0844	 0.7800
0.0000	 -19.3328	 140.1229	 169.2751	 1.0930	 79.6189	 0.0851	 0.7800
0.0000	 -17.4472	 201.8279	 174.3672	 1.0869	 79.7636	 0.0859	 0.7800
0.0000	 -15.7165	 234.7845	 179.1435	 1.0814	 79.8948	 0.0867	 0.7800
0.0000	 -14.4508	 236.7467	 182.7062	 1.0774	 79.9897	 0.0875	 0.7800
0.0000	 -13.9600	 207.5809	 184.1201	 1.0758	 80.0263	 0.0883	 0.7800
0.0000	 -14.0221	 149.2747	 183.9741	 1.0760	 80.0217	 0.0890	 0.7800
0.0000	 -14.1984	 65.8014	 183.5059	 1.0766	 80.0086	 0.0898	 0.7800
0.0000	 -14.4736	 1.3871	 182.7602	 1.0774	 79.9880	 0.0906	 0.7800
0.0000	 -14.8324	 0.0000	 181.7821	 1.0786	 79.9612	 0.0914	 0.7800
0.0000	 -15.2598	 0.0000	 180.6168	 1.0799	 79.9292	 0.0922	 0.7800
0.0000	 -15.7404	 0.0000	 179.3094	 1.0814	 79.8930	 0.0930	 0.7800
0.0000	 -16.2590	 0.0000	 177.9041	 1.0831	 79.8539	 0.0937	 0.7800
0.0000	 -16.8005	 0.0000	 176.4444	 1.0848	 79.8128	 0.0945	 0.7800
0.0000	 -17.3495	 0.0000	 174.9730	 1.0866	 79.7711	 0.0953	 0.7800
0.0000	 -17.8910	 0.0000	 173.5312	 1.0883	 79.7297	 0.0961	 0.7800
0.1917	 -18.4096	 0.0000	 202.6846	 1.0900	 79.6900	 0.0969	 2.0900
0.1917	 -18.8902	 0.0000	 201.1777	 1.0915	 79.6530	 0.0976	 2.0900
0.1917	 -19.3176	 0.0000	 199.8464	 1.0929	 79.6201	 0.0984	 2.0900
0.1917	 -19.6764	 0.0000	 198.7359	 1.0941	 79.5923	 0.0992	 2.0900
0.1917	 -19.9516	 0.0000	 197.8909	 1.0950	 79.5710	 0.1000	 2.0900
0.1917	 -20.1279	 0.0000	 197.3563	 1.0956	 79.5573	 0.1008	 2.0900
0.1917	 -20.1900	 0.0000	 197.1603	 1.0958	 79.5524	 0.1006	 2.0900
0.1917	 -19.9036	 0.0837	 198.0880	 1.0948	 79.5747	 0.1025	 2.0900
0.1917	 -19.1650	 30.1214	 200.4217	 1.0924	 79.6318	 0.1035	 2.0900
0.1917	 -18.1552	 76.7823	 203.6391	 1.0892	 79.7095	 0.1045	 2.0900
0.1917	 -17.0548	 110.1216	 207.1869	 1.0856	 79.7935	 0.1055	 2.0900
0.1917	 -16.0450	 127.8672	 210.4853	 1.0824	 79.8700	 0.1065	 2.0900
0.1917	 -15.3064	 128.8097	 212.9275	 1.0801	 79.9257	 0.1074	 2.0900
0.1917	 -15.0200	 112.8850	 213.8919	 1.0792	 79.9471	 0.1084	 2.0900
0.1917	 -15.0512	 81.1783	 213.8078	 1.0793	 79.9448	 0.1094	 2.0900
0.1917	 -15.1398	 35.8503	 213.5342	 1.0795	 79.9382	 0.1104	 2.0900
0.1917	 -15.2780	 0.7761	 213.0970	 1.0800	 79.9278	 0.1114	 2.0900
0.1917	 -15.4583	 0.0000	 212.5221	 1.0805	 79.9142	 0.1124	 2.0900
0.1917	 -15.6730	 0.0000	 211.8353	 1.0812	 79.8981	 0.1133	 2.0900
0.1917	 -15.9145	 0.0000	 211.0625	 1.0820	 79.8799	 0.1143	 2.0900
0.1917	 -16.1750	 0.0000	 210.2294	 1.0828	 79.8602	 0.1153	 2.0900
0.1917	 -16.4471	 0.0000	 209.3614	 1.0837	 79.8396	 0.1163	 2.0900
0.1917	 -16.7229	 0.0000	 208.4837	 1.0846	 79.8187	 0.1173	 2.0900
0.1917	 -16.9950	 0.0000	 207.6210	 1.0854	 79.7981	 0.1182	 2.0900
0.6458	 -17.2555	 0.0000	 202.0443	 1.0863	 79.7782	 0.1192	 1.8100
0.6458	 -17.4970	 0.0000	 201.3056	 1.0871	 79.7598	 0.1202	 1.8100
0.6458	 -17.7117	 0.0000	 200.6528	 1.0877	 79.7434	 0.1212	 1.8100
0.6458	 -17.8920	 0.0000	 200.1089	 1.0883	 79.7297	 0.1222	 1.8100
0.6458	 -18.0302	 0.0000	 199.6974	 1.0888	 79.7191	 0.1231	 1.8100
0.6458	 -18.1188	 0.0000	 199.4127	 1.0891	 79.7123	 0.1227	 1.8100
0.6458	 -18.1500	 0.0000	 199.3079	 1.0892	 79.7099	 0.1224	 1.8100
0.6458	 -17.8110	 0.1265	 200.4491	 1.0881	 79.7359	 0.1264	 1.8100
0.6458	 -16.9367	 34.6325	 203.2797	 1.0853	 79.8025	 0.1303	 1.8100
0.6458	 -15.7413	 87.4480	 207.1412	 1.0814	 79.8929	 0.1328	 1.8100
0.6458	 -14.4387	 125.1978	 211.4058	 1.0773	 79.9906	 0.1354	 1.8100
0.6458	 -13.2433	 145.3093	 215.3819	 1.0735	 80.0795	 0.1380	 1.8100
0.6458	 -12.3690	 146.4119	 218.3399	 1.0708	 80.1441	 0.1405	 1.8100
0.6458	 -12.0300	 128.4306	 219.5287	 1.0698	 80.1690	 0.1431	 1.8100
0.6458	 -12.0503	 92.5906	 219.5155	 1.0698	 80.1675	 0.1457	 1.8100
0.6458	 -12.1081	 41.3345	 219.3769	 1.0700	 80.1632	 0.1482	 1.8100
0.6458	 -12.1982	 1.0126	 219.1297	 1.0703	 80.1566	 0.1508	 1.8100
0.6458	 -12.3157	 0.0000	 218.7908	 1.0706	 80.1480	 0.1534	 1.8100
0.6458	 -12.4556	 0.0000	 218.3772	 1.0711	 80.1377	 0.1560	 1.8100
0.6458	 -12.6130	 0.0000	 217.9058	 1.0716	 80.1261	 0.1585	 1.8100
0.6458	 -12.7828	 0.0000	 217.3935	 1.0721	 80.1136	 0.1611	 1.8100
0.6458	 -12.9601	 0.0000	 216.8570	 1.0727	 80.1005	 0.1637	 1.8100
0.6458	 -13.1399	 0.0000	 216.3131	 1.0732	 80.0872	 0.1662	 1.8100
0.6458	 -13.3172	 0.0000	 215.7781	 1.0738	 80.0740	 0.1688	 1.8100
0.8656	 -13.4870	 0.0000	 209.3212	 1.0743	 80.0615	 0.1714	 3.2300
0.8656	 -13.6444	 0.0000	 208.8754	 1.0748	 80.0498	 0.1739	 3.2300
0.8656	 -13.7843	 0.0000	 208.4859	 1.0752	 80.0394	 0.1765	 3.2300
0.8656	 -13.9018	 0.0000	 208.1683	 1.0756	 80.0306	 0.1791	 3.2300
0.8656	 -13.9919	 0.0000	 207.9133	 1.0759	 80.0239	 0.1805	 3.2300
0.8656	 -14.0497	 0.0000	 207.7076	 1.0761	 80.0196	 0.1796	 3.2300
0.8656	 -14.0700	 0.0000	 207.6351	 1.0761	 80.0181	 0.1793	 3.2300
0.8656	 -13.6490	 0.1850	 209.1408	 1.0748	 80.0494	 0.1863	 3.2300
0.8656	 -12.5633	 39.9843	 212.6419	 1.0714	 80.1298	 0.1862	 3.2300
0.8656	 -11.0787	 100.0310	 217.4974	 1.0668	 80.2386	 0.1859	 3.2300
0.8656	 -9.4613	 142.9692	 222.8824	 1.0618	 80.3559	 0.1856	 3.2300
0.8656	 -7.9767	 165.8728	 227.9116	 1.0573	 80.4625	 0.1853	 3.2300
0.8656	 -6.8910	 167.1809	 231.6411	 1.0540	 80.5397	 0.1849	 3.2300
0.8656	 -6.4700	 146.8044	 233.0948	 1.0527	 80.5695	 0.1846	 3.2300
0.8656	 -6.5552	 106.1319	 232.7910	 1.0529	 80.5635	 0.1843	 3.2300
0.8656	 -6.7968	 47.9352	 231.9447	 1.0537	 80.5464	 0.1840	 3.2300
0.8656	 -7.1740	 1.3324	 230.6324	 1.0548	 80.5196	 0.1837	 3.2300
0.8656	 -7.6659	 0.0000	 228.9317	 1.0563	 80.4847	 0.1834	 3.2300
0.8656	 -8.2517	 0.0000	 226.9201	 1.0581	 80.4428	 0.1831	 3.2300
0.8656	 -8.9105	 0.0000	 224.6746	 1.0601	 80.3956	 0.1828	 3.2300
0.8656	 -9.6214	 0.0000	 222.2707	 1.0623	 80.3444	 0.1825	 3.2300
0.8656	 -10.3637	 0.0000	 219.7820	 1.0646	 80.2906	 0.1822	 3.2300
0.8656	 -11.1163	 0.0000	 217.2798	 1.0669	 80.2359	 0.1819	 3.2300
0.8656	 -11.8586	 0.0000	 214.8331	 1.0692	 80.1816	 0.1815	 3.2300
0.2865	 -12.5695	 0.0000	 205.2272	 1.0714	 80.1293	 0.1812	 5.9800
0.2865	 -13.2283	 0.0000	 203.1635	 1.0735	 80.0806	 0.1809	 5.9800
0.2865	 -13.8141	 0.0000	 201.3408	 1.0753	 80.0372	 0.1806	 5.9800
0.2865	 -14.3060	 0.0000	 199.6914	 1.0769	 80.0005	 0.1754	 5.9800
0.2865	 -14.6832	 0.0000	 198.3807	 1.0781	 79.9724	 0.1694	 5.9800
0.2865	 -14.9248	 0.0000	 197.5464	 1.0789	 79.9543	 0.1656	 5.9800
0.2865	 -15.0100	 0.0000	 197.2533	 1.0791	 79.9479	 0.1643	 5.9800
0.2865	 -14.4057	 0.3263	 199.3442	 1.0772	 79.9931	 0.1738	 5.9800
0.2865	 -12.8471	 47.5230	 204.1619	 1.0723	 80.1088	 0.1738	 5.9800
0.2865	 -10.7160	 116.7171	 210.8150	 1.0657	 80.2650	 0.1709	 5.9800
0.2865	 -8.3940	 166.1494	 218.2538	 1.0585	 80.4326	 0.1681	 5.9800
0.2865	 -6.2629	 192.4511	 225.2454	 1.0521	 80.5842	 0.1653	 5.9800
0.2865	 -4.7043	 193.8298	 230.4410	 1.0474	 80.6936	 0.1625	 5.9800
0.2865	 -4.1000	 170.1916	 232.4276	 1.0456	 80.7357	 0.1597	 5.9800
0.2865	 -4.2571	 123.1473	 231.8033	 1.0460	 80.7248	 0.1569	 5.9800
0.2865	 -4.7027	 55.9030	 230.1937	 1.0474	 80.6937	 0.1541	 5.9800
0.2865	 -5.3983	 1.6431	 227.7445	 1.0495	 80.6450	 0.1512	 5.9800
0.2865	 -6.3056	 0.0000	 224.6049	 1.0522	 80.5811	 0.1484	 5.9800
0.2865	 -7.3859	 0.0000	 220.9242	 1.0555	 80.5046	 0.1456	 5.9800
0.2865	 -8.6009	 0.0000	 216.8490	 1.0592	 80.4178	 0.1428	 5.9800
0.2865	 -9.9121	 0.0000	 212.5210	 1.0632	 80.3234	 0.1400	 5.9800
0.2865	 -11.2809	 0.0000	 208.0752	 1.0674	 80.2238	 0.1372	 5.9800
0.2865	 -12.6691	 0.0000	 203.6395	 1.0718	 80.1220	 0.1344	 5.9800
0.2865	 -14.0379	 0.0000	 199.3338	 1.0760	 80.0205	 0.1316	 5.9800
0.0021	 -15.3491	 0.0000	 197.1466	 1.0802	 79.9224	 0.1287	 2.0900
0.0021	 -16.5641	 0.0000	 193.3981	 1.0841	 79.8308	 0.1259	 2.0900
0.0021	 -17.6444	 0.0000	 190.1018	 1.0875	 79.7486	 0.1231	 2.0900
0.0021	 -18.5517	 0.0000	 187.2884	 1.0905	 79.6791	 0.1178	 2.0900
0.0021	 -19.2473	 0.0000	 185.0600	 1.0927	 79.6255	 0.1102	 2.0900
0.0021	 -19.6929	 0.0000	 183.6478	 1.0942	 79.5910	 0.1056	 2.0900
0.0021	 -19.8500	 0.0000	 183.1528	 1.0947	 79.5788	 0.1040	 2.0900
0.0021	 -19.3138	 0.3831	 184.8486	 1.0929	 79.6204	 0.1095	 2.0900
0.0021	 -17.9309	 47.1661	 188.8686	 1.0885	 79.7267	 0.1086	 2.0900
0.0021	 -16.0401	 114.8435	 194.4605	 1.0824	 79.8704	 0.1069	 2.0900
0.0021	 -13.9799	 163.2260	 200.6973	 1.0759	 80.0248	 0.1052	 2.0900
0.0021	 -12.0891	 189.0163	 206.5481	 1.0699	 80.1646	 0.1036	 2.0900
0.0021	 -10.7062	 190.4569	 210.8939	 1.0656	 80.2657	 0.1019	 2.0900
0.0021	 -10.1700	 167.4497	 212.5668	 1.0640	 80.3047	 0.1003	 2.0900
0.0021	 -10.3105	 121.5625	 212.0645	 1.0644	 80.2945	 0.0986	 2.0900
0.0021	 -10.7092	 55.9224	 210.7357	 1.0657	 80.2655	 0.0970	 2.0900
0.0021	 -11.3315	 1.8773	 208.7012	 1.0676	 80.2201	 0.0953	 2.0900
0.0021	 -12.1431	 0.0000	 206.0849	 1.0701	 80.1607	 0.0937	 2.0900
0.0021	 -13.1096	 0.0000	 203.0107	 1.0731	 80.0894	 0.0920	 2.0900
0.0021	 -14.1965	 0.0000	 199.6005	 1.0765	 80.0087	 0.0903	 2.0900
0.0021	 -15.3695	 0.0000	 195.9725	 1.0803	 79.9209	 0.0887	 2.0900
0.0021	 -16.5941	 0.0000	 192.2397	 1.0842	 79.8285	 0.0870	 2.0900
0.0021	 -17.8359	 0.0000	 188.5098	 1.0881	 79.7340	 0.0854	 2.0900
0.0021	 -19.0605	 0.0000	 184.8842	 1.0921	 79.6399	 0.0837	 2.0900
0.0000	 -20.2335	 0.0000	 165.8489	 1.0959	 79.5491	 0.0821	 0.3100
0.0000	 -21.3204	 0.0000	 162.9695	 1.0995	 79.4642	 0.0804	 0.3100
0.0000	 -22.2869	 0.0000	 160.4342	 1.1026	 79.3882	 0.0788	 0.3100
0.0000	 -23.0985	 0.0000	 158.2690	 1.1053	 79.3240	 0.0757	 0.3100
0.0000	 -23.7208	 0.0000	 156.5452	 1.1074	 79.2744	 0.0712	 0.3100
0.0000	 -24.1195	 0.0000	 155.4522	 1.1087	 79.2426	 0.0684	 0.3100
0.0000	 -24.2600	 0.0000	 155.0690	 1.1092	 79.2314	 0.0674	 0.3100
0.0000	 -23.7509	 0.6976	 156.4624	 1.1075	 79.2720	 0.0709	 0.3100
0.0000	 -22.4381	 64.0274	 159.8265	 1.1031	 79.3763	 0.0725	 0.3100
0.0000	 -20.6429	 153.2192	 164.4416	 1.0972	 79.5172	 0.0727	 0.3100
0.0000	 -18.6871	 216.9361	 169.5823	 1.0909	 79.6687	 0.0729	 0.3100
0.0000	 -16.8919	 250.8359	 174.4063	 1.0851	 79.8059	 0.0731	 0.3100
0.0000	 -15.5791	 252.6083	 178.0010	 1.0809	 79.9052	 0.0733	 0.3100
0.0000	 -15.0700	 222.1327	 179.4144	 1.0793	 79.9434	 0.0735	 0.3100
0.0000	 -15.1549	 161.4858	 179.1873	 1.0796	 79.9370	 0.0737	 0.3100
0.0000	 -15.3956	 74.8006	 178.5298	 1.0803	 79.9189	 0.0739	 0.3100
0.0000	 -15.7715	 2.6900	 177.5027	 1.0815	 79.8907	 0.0741	 0.3100
0.0000	 -16.2617	 0.0000	 176.1674	 1.0831	 79.8537	 0.0743	 0.3100
0.0000	 -16.8454	 0.0000	 174.5858	 1.0850	 79.8094	 0.0745	 0.3100
0.0000	 -17.5019	 0.0000	 172.8188	 1.0871	 79.7595	 0.0747	 0.3100
0.0000	 -18.2104	 0.0000	 170.9264	 1.0894	 79.7053	 0.0749	 0.3100
0.0000	 -18.9500	 0.0000	 168.9671	 1.0917	 79.6484	 0.0751	 0.3100
0.0000	 -19.7000	 0.0000	 166.9973	 1.0942	 79.5905	 0.0753	 0.3100
0.0000	 -20.4396	 0.0000	 165.0718	 1.0966	 79.5330	 0.0755	 0.3100
0.0000	 -21.1481	 0.0000	 163.9377	 1.0989	 79.4777	 0.0757	 0.4600
0.0000	 -21.8046	 0.0000	 162.2502	 1.1011	 79.4262	 0.0759	 0.4600
0.0000	 -22.3883	 0.0000	 160.7614	 1.1030	 79.3802	 0.0761	 0.4600
0.0000	 -22.8785	 0.0000	 159.5203	 1.1046	 79.3414	 0.0763	 0.4600
0.0000	 -23.2544	 0.0000	 158.5068	 1.1058	 79.3116	 0.0745	 0.4600
0.0000	 -23.4951	 0.0000	 157.8375	 1.1066	 79.2924	 0.0728	 0.4600
0.0000	 -23.5800	 0.0000	 157.6024	 1.1069	 79.2857	 0.0722	 0.4600
0.0000	 -23.0848	 0.8002	 158.9802	 1.1053	 79.3250	 0.0758	 0.4600
0.0000	 -21.8076	 64.5383	 162.3353	 1.1011	 79.4259	 0.0785	 0.4600
0.0000	 -20.0613	 153.1984	 166.9038	 1.0954	 79.5624	 0.0793	 0.4600
0.0000	 -18.1587	 216.5938	 171.9878	 1.0892	 79.7092	 0.0801	 0.4600
0.0000	 -16.4124	 250.4043	 176.7578	 1.0836	 79.8423	 0.0809	 0.4600
0.0000	 -15.1352	 252.3258	 180.3170	 1.0795	 79.9385	 0.0818	 0.4600
0.0000	 -14.6400	 222.2272	 181.7305	 1.0779	 79.9756	 0.0826	 0.4600
0.0000	 -14.7057	 162.1597	 181.5778	 1.0782	 79.9707	 0.0834	 0.4600
0.0000	 -14.8922	 76.2169	 181.0877	 1.0787	 79.9567	 0.0842	 0.4600
0.0000	 -15.1832	 3.1353	 180.3072	 1.0797	 79.9349	 0.0850	 0.4600
0.0000	 -15.5628	 0.0000	 179.2837	 1.0809	 79.9064	 0.0858	 0.4600
0.0000	 -16.0149	 0.0000	 178.0646	 1.0823	 79.8723	 0.0866	 0.4600
0.0000	 -16.5232	 0.0000	 176.6972	 1.0839	 79.8339	 0.0875	 0.4600
0.0000	 -17.0718	 0.0000	 175.2279	 1.0857	 79.7922	 0.0883	 0.4600
0.0000	 -17.6446	 0.0000	 173.7023	 1.0875	 79.7486	 0.0891	 0.4600
0.0000	 -18.2254	 0.0000	 172.1650	 1.0894	 79.7041	 0.0899	 0.4600
0.0000	 -18.7982	 0.0000	 170.6593	 1.0912	 79.6601	 0.0907	 0.4600
