0.2583	 -11.9296	 0.0000	 219.8320	 1.0984	 82.3445	 0.1880	 4.5500
0.2583	 -12.4534	 0.0000	 218.0817	 1.1001	 82.3096	 0.1880	 4.5500
0.2583	 -12.9192	 0.0000	 216.5342	 1.1017	 82.2784	 0.1880	 4.5500
0.2583	 -13.3103	 0.0000	 215.2411	 1.1030	 82.2521	 0.1880	 4.5500
0.2583	 -13.6102	 0.0000	 214.2330	 1.1040	 82.2319	 0.1870	 4.5500
0.2583	 -13.8023	 0.0000	 213.5365	 1.1046	 82.2190	 0.1837	 4.5500
0.2583	 -13.8700	 0.0000	 213.2915	 1.1048	 82.2144	 0.1826	 4.5500
0.2583	 -13.4939	 0.0951	 214.5563	 1.1036	 82.2398	 0.1841	 4.5500
0.2583	 -12.5239	 34.1787	 217.6851	 1.1003	 82.3049	 0.1801	 4.5500
0.2583	 -11.1976	 87.0892	 222.0481	 1.0959	 82.3931	 0.1761	 4.5500
0.2583	 -9.7524	 124.8353	 226.8829	 1.0912	 82.4884	 0.1722	 4.5500
0.2583	 -8.4261	 144.8445	 231.3815	 1.0869	 82.5750	 0.1682	 4.5500
0.2583	 -7.4561	 145.7534	 234.6894	 1.0837	 82.6378	 0.1643	 4.5500
0.2583	 -7.0800	 127.4999	 235.9266	 1.0825	 82.6621	 0.1603	 4.5500
0.2583	 -7.2321	 91.3281	 235.3000	 1.0830	 82.6523	 0.1564	 4.5500
0.2583	 -7.6636	 39.7029	 233.6925	 1.0844	 82.6244	 0.1524	 4.5500
0.2583	 -8.3371	 0.7114	 231.2491	 1.0866	 82.5808	 0.1485	 4.5500
0.2583	 -9.2156	 0.0000	 228.1178	 1.0894	 82.5235	 0.1445	 4.5500
0.2583	 -10.2616	 0.0000	 224.4470	 1.0929	 82.4549	 0.1406	 4.5500
0.2583	 -11.4380	 0.0000	 220.3823	 1.0967	 82.3772	 0.1366	 4.5500
0.2583	 -12.7076	 0.0000	 216.0645	 1.1009	 82.2926	 0.1327	 4.5500
0.2583	 -14.0330	 0.0000	 211.6281	 1.1054	 82.2034	 0.1287	 4.5500
0.2583	 -15.3770	 0.0000	 207.2002	 1.1099	 82.1121	 0.1248	 4.5500
0.2583	 -16.7024	 0.0000	 202.9004	 1.1144	 82.0213	 0.1208	 4.5500
0.0000	 -17.9720	 0.0000	 167.1500	 1.1188	 81.9334	 0.1168	 2.6100
0.0000	 -19.1484	 0.0000	 163.9002	 1.1228	 81.8513	 0.1112	 2.6100
0.0000	 -20.1944	 0.0000	 160.8353	 1.1264	 81.7777	 0.1006	 2.6100
0.0000	 -21.0729	 0.0000	 158.3158	 1.1295	 81.7155	 0.0924	 2.6100
0.0000	 -21.7464	 0.0000	 156.4162	 1.1319	 81.6675	 0.0865	 2.6100
0.0000	 -22.1779	 0.0000	 155.2139	 1.1334	 81.6367	 0.0829	 2.6100
0.0000	 -22.3300	 0.0000	 154.7927	 1.1339	 81.6258	 0.0817	 2.6100
0.0000	 -21.5645	 0.2263	 156.9267	 1.1312	 81.6805	 0.0880	 2.6100
0.0000	 -19.5902	 61.9433	 161.9704	 1.1243	 81.8203	 0.0903	 2.6100
0.0000	 -16.8906	 156.3288	 168.8822	 1.1151	 82.0083	 0.0888	 2.6100
0.0000	 -13.9494	 223.6604	 176.6670	 1.1051	 82.2090	 0.0874	 2.6100
0.0000	 -11.2498	 259.3498	 184.0403	 1.0961	 82.3897	 0.0859	 2.6100
0.0000	 -9.2755	 260.9646	 189.5593	 1.0896	 82.5196	 0.0845	 2.6100
0.0000	 -8.5100	 228.3948	 191.6923	 1.0871	 82.5695	 0.0831	 2.6100
0.0000	 -8.6923	 163.8600	 191.1018	 1.0877	 82.5577	 0.0816	 2.6100
0.0000	 -9.2095	 71.7582	 189.5533	 1.0894	 82.5239	 0.0802	 2.6100
0.0000	 -10.0169	 1.4100	 187.1908	 1.0921	 82.4710	 0.0787	 2.6100
0.0000	 -11.0699	 0.0000	 184.1623	 1.0955	 82.4016	 0.0773	 2.6100
0.0000	 -12.3238	 0.0000	 180.6159	 1.0997	 82.3182	 0.0759	 2.6100
0.0000	 -13.7339	 0.0000	 176.6967	 1.1044	 82.2236	 0.0744	 2.6100
0.0000	 -15.2557	 0.0000	 172.5439	 1.1095	 82.1204	 0.0730	 2.6100
0.0000	 -16.8445	 0.0000	 168.2895	 1.1149	 82.0115	 0.0715	 2.6100
0.0000	 -18.4555	 0.0000	 164.0569	 1.1204	 81.8998	 0.0701	 2.6100
0.0000	 -20.0443	 0.0000	 159.9606	 1.1259	 81.7883	 0.0687	 2.6100
0.0000	 -21.5661	 0.0000	 157.3986	 1.1312	 81.6804	 0.0672	 0.6900
0.0000	 -22.9762	 0.0000	 153.8579	 1.1362	 81.5793	 0.0658	 0.6900
0.0000	 -24.2301	 0.0000	 150.7538	 1.1407	 81.4885	 0.0643	 0.6900
0.0000	 -25.2831	 0.0000	 148.0958	 1.1444	 81.4117	 0.0608	 0.6900
0.0000	 -26.0905	 0.0000	 146.0006	 1.1473	 81.3523	 0.0561	 0.6900
0.0000	 -26.6077	 0.0000	 144.6760	 1.1492	 81.3141	 0.0532	 0.6900
0.0000	 -26.7900	 0.0000	 144.2122	 1.1499	 81.3006	 0.0522	 0.6900
0.0000	 -26.1026	 0.2875	 145.9695	 1.1474	 81.3514	 0.0560	 0.6900
0.0000	 -24.3297	 62.1343	 150.3812	 1.1410	 81.4813	 0.0609	 0.6900
0.0000	 -21.9056	 155.3501	 156.3505	 1.1324	 81.6561	 0.0621	 0.6900
0.0000	 -19.2644	 221.8531	 163.0505	 1.1232	 81.8432	 0.0632	 0.6900
0.0000	 -16.8403	 257.1113	 169.3912	 1.1149	 82.0118	 0.0644	 0.6900
0.0000	 -15.0674	 258.7219	 174.1577	 1.1089	 82.1332	 0.0656	 0.6900
0.0000	 -14.3800	 226.5752	 176.0636	 1.1065	 82.1799	 0.0667	 0.6900
0.0000	 -14.4563	 162.8618	 175.9071	 1.1068	 82.1747	 0.0679	 0.6900
0.0000	 -14.6727	 71.9238	 175.3716	 1.1075	 82.1601	 0.0691	 0.6900
0.0000	 -15.0106	 1.5643	 174.5099	 1.1087	 82.1371	 0.0702	 0.6900
0.0000	 -15.4513	 0.0000	 173.3756	 1.1102	 82.1071	 0.0714	 0.6900
0.0000	 -15.9760	 0.0000	 172.0226	 1.1119	 82.0712	 0.0726	 0.6900
0.0000	 -16.5662	 0.0000	 170.5043	 1.1139	 82.0307	 0.0737	 0.6900
0.0000	 -17.2030	 0.0000	 168.8730	 1.1161	 81.9867	 0.0749	 0.6900
0.0000	 -17.8679	 0.0000	 167.1802	 1.1184	 81.9407	 0.0761	 0.6900
0.0000	 -18.5421	 0.0000	 165.4757	 1.1207	 81.8937	 0.0772	 0.6900
0.0000	 -19.2070	 0.0000	 163.8082	 1.1230	 81.8472	 0.0784	 0.6900
0.0000	 -19.8438	 0.0000	 179.5960	 1.1252	 81.8025	 0.0796	 2.0300
0.0000	 -20.4340	 0.0000	 177.9677	 1.1273	 81.7608	 0.0807	 2.0300
0.0000	 -20.9587	 0.0000	 176.5329	 1.1291	 81.7236	 0.0819	 2.0300
0.0000	 -21.3994	 0.0000	 175.3400	 1.1307	 81.6923	 0.0830	 2.0300
0.0000	 -21.7373	 0.0000	 174.4370	 1.1318	 81.6682	 0.0842	 2.0300
0.0000	 -21.9537	 0.0000	 173.8543	 1.1326	 81.6527	 0.0847	 2.0300
0.0000	 -22.0300	 0.0000	 173.6260	 1.1329	 81.6472	 0.0841	 2.0300
0.0000	 -21.6644	 0.2719	 174.7232	 1.1316	 81.6734	 0.0872	 2.0300
0.0000	 -20.7215	 47.6921	 177.3926	 1.1283	 81.7404	 0.0887	 2.0300
0.0000	 -19.4323	 118.1565	 181.0627	 1.1238	 81.8314	 0.0898	 2.0300
0.0000	 -18.0277	 168.4385	 185.1231	 1.1189	 81.9296	 0.0909	 2.0300
0.0000	 -16.7385	 195.1114	 188.9122	 1.1145	 82.0188	 0.0920	 2.0300
0.0000	 -15.7956	 196.3575	 191.7286	 1.1113	 82.0835	 0.0930	 2.0300
0.0000	 -15.4300	 172.0918	 192.8492	 1.1101	 82.1085	 0.0941	 2.0300
0.0000	 -15.4696	 123.9681	 192.7638	 1.1102	 82.1058	 0.0952	 2.0300
0.0000	 -15.5819	 55.2659	 192.4618	 1.1106	 82.0981	 0.0963	 2.0300
0.0000	 -15.7573	 1.3395	 191.9726	 1.1112	 82.0862	 0.0974	 2.0300
0.0000	 -15.9859	 0.0000	 191.3261	 1.1120	 82.0705	 0.0985	 2.0300
0.0000	 -16.2583	 0.0000	 190.5521	 1.1129	 82.0518	 0.0995	 2.0300
0.0000	 -16.5645	 0.0000	 189.6804	 1.1139	 82.0308	 0.1006	 2.0300
0.0000	 -16.8950	 0.0000	 188.7404	 1.1151	 82.0080	 0.1017	 2.0300
0.0000	 -17.2401	 0.0000	 187.7614	 1.1162	 81.9842	 0.1028	 2.0300
0.0000	 -17.5899	 0.0000	 186.7719	 1.1174	 81.9599	 0.1039	 2.0300
0.0000	 -17.9350	 0.0000	 185.8003	 1.1186	 81.9360	 0.1050	 2.0300
0.1302	 -18.2655	 0.0000	 196.4493	 1.1198	 81.9130	 0.1060	 1.8500
0.1302	 -18.5717	 0.0000	 195.5338	 1.1208	 81.8917	 0.1071	 1.8500
0.1302	 -18.8441	 0.0000	 194.7250	 1.1218	 81.8726	 0.1082	 1.8500
0.1302	 -19.0727	 0.0000	 194.0516	 1.1226	 81.8566	 0.1093	 1.8500
0.1302	 -19.2481	 0.0000	 193.5378	 1.1232	 81.8443	 0.1102	 1.8500
0.1302	 -19.3604	 0.0000	 193.1707	 1.1235	 81.8365	 0.1090	 1.8500
0.1302	 -19.4000	 0.0000	 193.0415	 1.1237	 81.8337	 0.1086	 1.8500
0.1302	 -19.0062	 0.2622	 194.3308	 1.1223	 81.8613	 0.1128	 1.8500
0.1302	 -17.9904	 38.1751	 197.5633	 1.1188	 81.9322	 0.1181	 1.8500
0.1302	 -16.6016	 93.7384	 201.9473	 1.1141	 82.0282	 0.1209	 1.8500
0.1302	 -15.0884	 133.4001	 206.8008	 1.1089	 82.1318	 0.1236	 1.8500
0.1302	 -13.6996	 154.4575	 211.3368	 1.1043	 82.2259	 0.1264	 1.8500
0.1302	 -12.6838	 155.4756	 214.7181	 1.1009	 82.2941	 0.1292	 1.8500
0.1302	 -12.2900	 136.3848	 216.0791	 1.0996	 82.3205	 0.1320	 1.8500
0.1302	 -12.3115	 98.4864	 216.0715	 1.0996	 82.3190	 0.1347	 1.8500
0.1302	 -12.3727	 44.3628	 215.9329	 1.0998	 82.3150	 0.1375	 1.8500
0.1302	 -12.4681	 1.2036	 215.6810	 1.1002	 82.3086	 0.1403	 1.8500
0.1302	 -12.5925	 0.0000	 215.3334	 1.1006	 82.3003	 0.1431	 1.8500
0.1302	 -12.7406	 0.0000	 214.9078	 1.1011	 82.2903	 0.1458	 1.8500
0.1302	 -12.9073	 0.0000	 214.4219	 1.1016	 82.2792	 0.1486	 1.8500
0.1302	 -13.0871	 0.0000	 213.8933	 1.1022	 82.2671	 0.1514	 1.8500
0.1302	 -13.2748	 0.0000	 213.3395	 1.1028	 82.2545	 0.1542	 1.8500
0.1302	 -13.4652	 0.0000	 212.7778	 1.1035	 82.2417	 0.1569	 1.8500
0.1302	 -13.6529	 0.0000	 212.2256	 1.1041	 82.2291	 0.1597	 1.8500
0.3031	 -13.8327	 0.0000	 211.4650	 1.1047	 82.2169	 0.1625	 3.1300
0.3031	 -13.9994	 0.0000	 210.9837	 1.1053	 82.2057	 0.1653	 3.1300
0.3031	 -14.1475	 0.0000	 210.5628	 1.1058	 82.1957	 0.1680	 3.1300
0.3031	 -14.2719	 0.0000	 210.2190	 1.1062	 82.1872	 0.1708	 3.1300
0.3031	 -14.3673	 0.0000	 209.9690	 1.1065	 82.1808	 0.1736	 3.1300
0.3031	 -14.4285	 0.0000	 209.7681	 1.1067	 82.1766	 0.1734	 3.1300
0.3031	 -14.4500	 0.0000	 209.6913	 1.1068	 82.1752	 0.1731	 3.1300
0.3031	 -14.0528	 0.3158	 211.1045	 1.1054	 82.2021	 0.1792	 3.1300
0.3031	 -13.0285	 38.8675	 214.4481	 1.1020	 82.2710	 0.1792	 3.1300
0.3031	 -11.6280	 94.6106	 219.0839	 1.0974	 82.3646	 0.1792	 3.1300
0.3031	 -10.1020	 134.4184	 224.2198	 1.0923	 82.4654	 0.1793	 3.1300
0.3031	 -8.7015	 155.5782	 229.0126	 1.0878	 82.5571	 0.1793	 3.1300
0.3031	 -7.6772	 156.6478	 232.5663	 1.0844	 82.6235	 0.1793	 3.1300
0.3031	 -7.2800	 137.5545	 233.9556	 1.0831	 82.6492	 0.1793	 3.1300
0.3031	 -7.3594	 99.5993	 233.6782	 1.0834	 82.6441	 0.1794	 3.1300
0.3031	 -7.5846	 45.3690	 232.8912	 1.0841	 82.6295	 0.1794	 3.1300
0.3031	 -7.9362	 1.3835	 231.6663	 1.0853	 82.6068	 0.1794	 3.1300
0.3031	 -8.3947	 0.0000	 230.0760	 1.0868	 82.5770	 0.1794	 3.1300
0.3031	 -8.9407	 0.0000	 228.1928	 1.0885	 82.5415	 0.1795	 3.1300
0.3031	 -9.5547	 0.0000	 226.0886	 1.0905	 82.5014	 0.1795	 3.1300
0.3031	 -10.2174	 0.0000	 223.8342	 1.0927	 82.4579	 0.1795	 3.1300
0.3031	 -10.9092	 0.0000	 221.4985	 1.0950	 82.4122	 0.1795	 3.1300
0.3031	 -11.6108	 0.0000	 219.1488	 1.0973	 82.3657	 0.1796	 3.1300
0.3031	 -12.3026	 0.0000	 216.8499	 1.0996	 82.3196	 0.1796	 3.1300
0.1448	 -12.9653	 0.0000	 202.9415	 1.1018	 82.2753	 0.1796	 5.6600
0.1448	 -13.5793	 0.0000	 201.0444	 1.1039	 82.2340	 0.1797	 5.6600
0.1448	 -14.1253	 0.0000	 199.3336	 1.1057	 82.1972	 0.1783	 5.6600
0.1448	 -14.5838	 0.0000	 197.7395	 1.1072	 82.1661	 0.1710	 5.6600
0.1448	 -14.9354	 0.0000	 196.5273	 1.1084	 82.1422	 0.1655	 5.6600
0.1448	 -15.1606	 0.0000	 195.7554	 1.1092	 82.1269	 0.1621	 5.6600
0.1448	 -15.2400	 0.0000	 195.4841	 1.1094	 82.1215	 0.1609	 5.6600
0.1448	 -14.5354	 0.5508	 197.9071	 1.1071	 82.1694	 0.1717	 5.6600
0.1448	 -12.7183	 50.5421	 203.5035	 1.1010	 82.2918	 0.1720	 5.6600
0.1448	 -10.2336	 120.9060	 211.2267	 1.0928	 82.4568	 0.1681	 5.6600
0.1448	 -7.5264	 171.1058	 219.8983	 1.0839	 82.6333	 0.1642	 5.6600
0.1448	 -5.0417	 197.7204	 228.0786	 1.0760	 82.7924	 0.1604	 5.6600
0.1448	 -3.2246	 198.9360	 234.1708	 1.0702	 82.9071	 0.1565	 5.6600
0.1448	 -2.5200	 174.6698	 236.4902	 1.0680	 82.9512	 0.1526	 5.6600
0.1448	 -2.7214	 126.5756	 235.6678	 1.0686	 82.9386	 0.1487	 5.6600
0.1448	 -3.2926	 57.9308	 233.5699	 1.0704	 82.9028	 0.1448	 5.6600
0.1448	 -4.1843	 1.8583	 230.3905	 1.0732	 82.8467	 0.1409	 5.6600
0.1448	 -5.3473	 0.0000	 226.3291	 1.0769	 82.7730	 0.1370	 5.6600
0.1448	 -6.7322	 0.0000	 221.5852	 1.0814	 82.6844	 0.1331	 5.6600
0.1448	 -8.2897	 0.0000	 216.3538	 1.0864	 82.5839	 0.1293	 5.6600
0.1448	 -9.9705	 0.0000	 210.8215	 1.0919	 82.4741	 0.1254	 5.6600
0.1448	 -11.7253	 0.0000	 205.1642	 1.0977	 82.3581	 0.1215	 5.6600
0.1448	 -13.5047	 0.0000	 199.5454	 1.1036	 82.2390	 0.1176	 5.6600
0.1448	 -15.2595	 0.0000	 194.1162	 1.1095	 82.1201	 0.1137	 5.6600
0.0000	 -16.9403	 0.0000	 172.5886	 1.1152	 82.0049	 0.1098	 2.1600
0.0000	 -18.4978	 0.0000	 168.3125	 1.1206	 81.8968	 0.1059	 2.1600
0.0000	 -19.8827	 0.0000	 164.5610	 1.1254	 81.7997	 0.1021	 2.1600
0.0000	 -21.0457	 0.0000	 161.2345	 1.1294	 81.7174	 0.0926	 2.1600
0.0000	 -21.9374	 0.0000	 158.6954	 1.1325	 81.6539	 0.0849	 2.1600
0.0000	 -22.5086	 0.0000	 157.0937	 1.1346	 81.6129	 0.0802	 2.1600
0.0000	 -22.7100	 0.0000	 156.5336	 1.1353	 81.5985	 0.0787	 2.1600
0.0000	 -22.0852	 0.8361	 158.2793	 1.1331	 81.6433	 0.0837	 2.1600
0.0000	 -20.4737	 67.4136	 162.3477	 1.1274	 81.7580	 0.0833	 2.1600
0.0000	 -18.2703	 159.9570	 167.9943	 1.1198	 81.9127	 0.0817	 2.1600
0.0000	 -15.8697	 226.0249	 174.3181	 1.1116	 82.0785	 0.0800	 2.1600
0.0000	 -13.6663	 261.1149	 180.2717	 1.1042	 82.2282	 0.0784	 2.1600
0.0000	 -12.0548	 262.8357	 184.7026	 1.0988	 82.3362	 0.0768	 2.1600
0.0000	 -11.4300	 231.0699	 186.4000	 1.0967	 82.3777	 0.0752	 2.1600
0.0000	 -11.6027	 167.9824	 185.8411	 1.0973	 82.3663	 0.0736	 2.1600
0.0000	 -12.0928	 77.8725	 184.3889	 1.0989	 82.3336	 0.0720	 2.1600
0.0000	 -12.8578	 2.8271	 182.1772	 1.1014	 82.2825	 0.0703	 2.1600
0.0000	 -13.8554	 0.0000	 179.3432	 1.1048	 82.2154	 0.0687	 2.1600
0.0000	 -15.0435	 0.0000	 176.0243	 1.1088	 82.1349	 0.0671	 2.1600
0.0000	 -16.3796	 0.0000	 172.3553	 1.1133	 82.0435	 0.0655	 2.1600
0.0000	 -17.8214	 0.0000	 168.4654	 1.1182	 81.9439	 0.0639	 2.1600
0.0000	 -19.3268	 0.0000	 164.4777	 1.1234	 81.8388	 0.0623	 2.1600
0.0000	 -20.8532	 0.0000	 160.5075	 1.1287	 81.7311	 0.0606	 2.1600
0.0000	 -22.3586	 0.0000	 156.6620	 1.1340	 81.6237	 0.0590	 2.1600
0.0000	 -23.8004	 0.0000	 151.9106	 1.1391	 81.5197	 0.0574	 0.3300
0.0000	 -25.1365	 0.0000	 148.6301	 1.1439	 81.4224	 0.0558	 0.3300
0.0000	 -26.3246	 0.0000	 145.7509	 1.1482	 81.3351	 0.0542	 0.3300
0.0000	 -27.3222	 0.0000	 143.2365	 1.1518	 81.2611	 0.0494	 0.3300
0.0000	 -28.0872	 0.0000	 141.3243	 1.1546	 81.2040	 0.0457	 0.3300
0.0000	 -28.5773	 0.0000	 140.1141	 1.1564	 81.1673	 0.0434	 0.3300
0.0000	 -28.7500	 0.0000	 139.6901	 1.1570	 81.1543	 0.0427	 0.3300
0.0000	 -28.0808	 1.1108	 141.3402	 1.1545	 81.2045	 0.0457	 0.3300
0.0000	 -26.3551	 70.9979	 145.4577	 1.1483	 81.3328	 0.0485	 0.3300
0.0000	 -23.9955	 165.7243	 151.0973	 1.1398	 81.5056	 0.0488	 0.3300
0.0000	 -21.4245	 233.2997	 157.4256	 1.1307	 81.6905	 0.0492	 0.3300
0.0000	 -19.0649	 269.1189	 163.4081	 1.1225	 81.8572	 0.0496	 0.3300
0.0000	 -17.3392	 270.7409	 167.8945	 1.1166	 81.9773	 0.0499	 0.3300
0.0000	 -16.6700	 238.0552	 169.6687	 1.1143	 82.0235	 0.0503	 0.3300
0.0000	 -16.7733	 173.2892	 169.4127	 1.1147	 82.0164	 0.0507	 0.3300
0.0000	 -17.0664	 80.8567	 168.6580	 1.1157	 81.9962	 0.0511	 0.3300
0.0000	 -17.5240	 3.1271	 167.4758	 1.1172	 81.9645	 0.0514	 0.3300
0.0000	 -18.1208	 0.0000	 165.9385	 1.1193	 81.9231	 0.0518	 0.3300
0.0000	 -18.8314	 0.0000	 164.1186	 1.1217	 81.8735	 0.0522	 0.3300
0.0000	 -19.6306	 0.0000	 162.0879	 1.1245	 81.8175	 0.0526	 0.3300
0.0000	 -20.4931	 0.0000	 159.9163	 1.1275	 81.7566	 0.0529	 0.3300
0.0000	 -21.3935	 0.0000	 157.6718	 1.1306	 81.6927	 0.0533	 0.3300
0.0000	 -22.3065	 0.0000	 155.4198	 1.1338	 81.6274	 0.0537	 0.3300
0.0000	 -23.2069	 0.0000	 153.2228	 1.1370	 81.5627	 0.0540	 0.3300
0.0000	 -24.0694	 0.0000	 151.5037	 1.1401	 81.5002	 0.0544	 0.3700
0.0000	 -24.8686	 0.0000	 149.5899	 1.1429	 81.4420	 0.0548	 0.3700
0.0000	 -25.5792	 0.0000	 147.9049	 1.1455	 81.3899	 0.0552	 0.3700
0.0000	 -26.1760	 0.0000	 146.5033	 1.1476	 81.3460	 0.0555	 0.3700
0.0000	 -26.6336	 0.0000	 145.3303	 1.1493	 81.3122	 0.0531	 0.3700
0.0000	 -26.9267	 0.0000	 144.5831	 1.1503	 81.2905	 0.0515	 0.3700
0.0000	 -27.0300	 0.0000	 144.3208	 1.1507	 81.2828	 0.0509	 0.3700
0.0000	 -26.3764	 1.2478	 145.9895	 1.1484	 81.3312	 0.0545	 0.3700
0.0000	 -24.6906	 71.8368	 150.1472	 1.1423	 81.4550	 0.0581	 0.3700
0.0000	 -22.3857	 166.4081	 155.8049	 1.1341	 81.6218	 0.0589	 0.3700
0.0000	 -19.8743	 233.9335	 162.1470	 1.1253	 81.8003	 0.0596	 0.3700
0.0000	 -17.5694	 269.8113	 168.1390	 1.1174	 81.9614	 0.0604	 0.3700
0.0000	 -15.8836	 271.5965	 172.6337	 1.1116	 82.0775	 0.0611	 0.3700
0.0000	 -15.2300	 239.1674	 174.4201	 1.1094	 82.1222	 0.0618	 0.3700
0.0000	 -15.3175	 174.7340	 174.2163	 1.1097	 82.1162	 0.0626	 0.3700
0.0000	 -15.5656	 82.6873	 173.5808	 1.1105	 82.0993	 0.0633	 0.3700
0.0000	 -15.9529	 3.6280	 172.5745	 1.1119	 82.0728	 0.0641	 0.3700
0.0000	 -16.4581	 0.0000	 171.2591	 1.1136	 82.0381	 0.0648	 0.3700
0.0000	 -17.0597	 0.0000	 169.6965	 1.1156	 81.9966	 0.0656	 0.3700
0.0000	 -17.7362	 0.0000	 167.9481	 1.1179	 81.9498	 0.0663	 0.3700
0.0000	 -18.4663	 0.0000	 166.0739	 1.1205	 81.8990	 0.0670	 0.3700
0.0000	 -19.2285	 0.0000	 164.1327	 1.1231	 81.8457	 0.0678	 0.3700
0.0000	 -20.0015	 0.0000	 162.1811	 1.1258	 81.7914	 0.0685	 0.3700
0.0000	 -20.7637	 0.0000	 160.2739	 1.1284	 81.7374	 0.0693	 0.3700
