0.2729	 -12.0068	 0.0000	 225.4235	 1.0771	 80.7256	 0.1904	 4.6400
0.2729	 -12.4126	 0.0000	 224.0309	 1.0784	 80.6964	 0.1904	 4.6400
0.2729	 -12.7734	 0.0000	 222.7981	 1.0795	 80.6705	 0.1904	 4.6400
0.2729	 -13.0764	 0.0000	 221.7667	 1.0805	 80.6486	 0.1904	 4.6400
0.2729	 -13.3087	 0.0000	 220.9784	 1.0812	 80.6318	 0.1904	 4.6400
0.2729	 -13.4575	 0.0000	 220.4601	 1.0817	 80.6210	 0.1896	 4.6400
0.2729	 -13.5100	 0.0000	 220.2668	 1.0819	 80.6172	 0.1887	 4.6400
0.2729	 -13.2186	 0.0235	 221.2282	 1.0809	 80.6383	 0.1873	 4.6400
0.2729	 -12.4672	 28.2352	 223.7315	 1.0785	 80.6925	 0.1841	 4.6400
0.2729	 -11.4397	 74.1590	 227.2093	 1.0753	 80.7661	 0.1809	 4.6400
0.2729	 -10.3203	 106.9614	 231.0493	 1.0718	 80.8458	 0.1777	 4.6400
0.2729	 -9.2928	 124.4067	 234.6110	 1.0686	 80.9183	 0.1746	 4.6400
0.2729	 -8.5414	 125.3062	 237.2254	 1.0662	 80.9711	 0.1714	 4.6400
0.2729	 -8.2500	 109.5986	 238.2076	 1.0653	 80.9914	 0.1682	 4.6400
0.2729	 -8.3633	 78.3543	 237.7408	 1.0657	 80.9835	 0.1650	 4.6400
0.2729	 -8.6847	 33.7025	 236.5315	 1.0667	 80.9610	 0.1619	 4.6400
0.2729	 -9.1865	 0.5220	 234.6865	 1.0682	 80.9258	 0.1587	 4.6400
0.2729	 -9.8408	 0.0000	 232.3148	 1.0703	 80.8797	 0.1555	 4.6400
0.2729	 -10.6200	 0.0000	 229.5253	 1.0727	 80.8245	 0.1523	 4.6400
0.2729	 -11.4964	 0.0000	 226.4255	 1.0755	 80.7621	 0.1492	 4.6400
0.2729	 -12.4421	 0.0000	 223.1201	 1.0785	 80.6943	 0.1460	 4.6400
0.2729	 -13.4294	 0.0000	 219.7104	 1.0816	 80.6231	 0.1428	 4.6400
0.2729	 -14.4306	 0.0000	 216.2935	 1.0848	 80.5503	 0.1396	 4.6400
0.2729	 -15.4179	 0.0000	 212.9620	 1.0880	 80.4781	 0.1365	 4.6400
0.0438	 -16.3636	 0.0000	 194.7140	 1.0911	 80.4084	 0.1333	 2.5600
0.0438	 -17.2400	 0.0000	 191.9997	 1.0939	 80.3434	 0.1301	 2.5600
0.0438	 -18.0192	 0.0000	 189.5229	 1.0965	 80.2853	 0.1239	 2.5600
0.0438	 -18.6735	 0.0000	 187.4014	 1.0986	 80.2363	 0.1164	 2.5600
0.0438	 -19.1753	 0.0000	 185.7923	 1.1003	 80.1985	 0.1110	 2.5600
0.0438	 -19.4967	 0.0000	 184.7694	 1.1013	 80.1743	 0.1076	 2.5600
0.0438	 -19.6100	 0.0000	 184.4103	 1.1017	 80.1657	 0.1064	 2.5600
0.0438	 -19.0827	 0.0559	 186.0883	 1.1000	 80.2055	 0.1119	 2.5600
0.0438	 -17.7227	 40.9161	 190.0625	 1.0955	 80.3075	 0.1110	 2.5600
0.0438	 -15.8631	 106.3730	 195.5916	 1.0894	 80.4453	 0.1093	 2.5600
0.0438	 -13.8369	 153.1264	 201.7558	 1.0829	 80.5935	 0.1077	 2.5600
0.0438	 -11.9773	 177.9903	 207.5364	 1.0770	 80.7277	 0.1060	 2.5600
0.0438	 -10.6173	 179.2700	 211.8288	 1.0727	 80.8247	 0.1044	 2.5600
0.0438	 -10.0900	 156.8786	 213.4811	 1.0710	 80.8621	 0.1027	 2.5600
0.0438	 -10.2288	 112.3418	 212.9837	 1.0715	 80.8523	 0.1011	 2.5600
0.0438	 -10.6227	 48.6949	 211.6663	 1.0727	 80.8243	 0.0995	 2.5600
0.0438	 -11.2375	 0.8362	 209.6488	 1.0747	 80.7806	 0.0978	 2.5600
0.0438	 -12.0393	 0.0000	 207.0539	 1.0772	 80.7232	 0.0962	 2.5600
0.0438	 -12.9941	 0.0000	 204.0043	 1.0802	 80.6545	 0.0945	 2.5600
0.0438	 -14.0680	 0.0000	 200.6208	 1.0837	 80.5767	 0.0929	 2.5600
0.0438	 -15.2268	 0.0000	 197.0205	 1.0874	 80.4921	 0.0912	 2.5600
0.0438	 -16.4366	 0.0000	 193.3156	 1.0913	 80.4030	 0.0896	 2.5600
0.0438	 -17.6634	 0.0000	 189.6129	 1.0953	 80.3119	 0.0880	 2.5600
0.0438	 -18.8732	 0.0000	 186.0130	 1.0993	 80.2213	 0.0863	 2.5600
0.0000	 -20.0320	 0.0000	 164.7849	 1.1031	 80.1337	 0.0847	 0.7800
0.0000	 -21.1059	 0.0000	 161.9594	 1.1067	 80.0519	 0.0830	 0.7800
0.0000	 -22.0607	 0.0000	 159.4710	 1.1098	 79.9787	 0.0814	 0.7800
0.0000	 -22.8625	 0.0000	 157.3116	 1.1125	 79.9168	 0.0775	 0.7800
0.0000	 -23.4773	 0.0000	 155.6123	 1.1146	 79.8691	 0.0729	 0.7800
0.0000	 -23.8712	 0.0000	 154.5349	 1.1160	 79.8384	 0.0701	 0.7800
0.0000	 -24.0100	 0.0000	 154.1571	 1.1164	 79.8276	 0.0691	 0.7800
0.0000	 -23.4561	 0.1145	 155.6707	 1.1145	 79.8708	 0.0731	 0.7800
0.0000	 -22.0275	 56.7553	 159.3828	 1.1097	 79.9813	 0.0767	 0.7800
0.0000	 -20.0741	 146.0883	 164.4126	 1.1032	 80.1305	 0.0776	 0.7800
0.0000	 -17.9459	 209.9023	 170.0242	 1.0962	 80.2908	 0.0786	 0.7800
0.0000	 -15.9925	 243.8485	 175.3028	 1.0899	 80.4358	 0.0795	 0.7800
0.0000	 -14.5639	 245.6134	 179.2504	 1.0852	 80.5406	 0.0804	 0.7800
0.0000	 -14.0100	 215.0769	 180.8218	 1.0835	 80.5809	 0.0814	 0.7800
0.0000	 -14.0767	 154.3199	 180.6739	 1.0837	 80.5761	 0.0823	 0.7800
0.0000	 -14.2660	 67.4830	 180.1861	 1.0843	 80.5623	 0.0832	 0.7800
0.0000	 -14.5615	 1.2962	 179.4057	 1.0852	 80.5408	 0.0841	 0.7800
0.0000	 -14.9468	 0.0000	 178.3803	 1.0865	 80.5126	 0.0851	 0.7800
0.0000	 -15.4057	 0.0000	 177.1580	 1.0880	 80.4790	 0.0860	 0.7800
0.0000	 -15.9218	 0.0000	 175.7862	 1.0896	 80.4410	 0.0869	 0.7800
0.0000	 -16.4788	 0.0000	 174.3118	 1.0914	 80.3999	 0.0879	 0.7800
0.0000	 -17.0602	 0.0000	 172.7808	 1.0933	 80.3568	 0.0888	 0.7800
0.0000	 -17.6498	 0.0000	 171.2379	 1.0952	 80.3129	 0.0897	 0.7800
0.0000	 -18.2312	 0.0000	 169.7269	 1.0972	 80.2695	 0.0907	 0.7800
0.1365	 -18.7882	 0.0000	 199.7424	 1.0990	 80.2277	 0.0916	 2.1100
0.1365	 -19.3043	 0.0000	 198.1486	 1.1007	 80.1888	 0.0925	 2.1100
0.1365	 -19.7632	 0.0000	 196.7415	 1.1022	 80.1541	 0.0935	 2.1100
0.1365	 -20.1485	 0.0000	 195.5685	 1.1035	 80.1249	 0.0944	 2.1100
0.1365	 -20.4440	 0.0000	 194.6769	 1.1045	 80.1024	 0.0953	 2.1100
0.1365	 -20.6333	 0.0000	 194.1138	 1.1051	 80.0880	 0.0963	 2.1100
0.1365	 -20.7000	 0.0000	 193.8998	 1.1053	 80.0829	 0.0958	 2.1100
0.1365	 -20.3926	 0.1164	 194.8914	 1.1043	 80.1063	 0.0982	 2.1100
0.1365	 -19.5997	 31.8731	 197.3623	 1.1017	 80.1665	 0.0992	 2.1100
0.1365	 -18.5156	 80.4403	 200.7714	 1.0981	 80.2481	 0.1003	 2.1100
0.1365	 -17.3344	 115.0882	 204.5340	 1.0942	 80.3364	 0.1013	 2.1100
0.1365	 -16.2503	 133.4556	 208.0354	 1.0907	 80.4168	 0.1023	 2.1100
0.1365	 -15.4574	 134.2907	 210.6300	 1.0881	 80.4752	 0.1033	 2.1100
0.1365	 -15.1500	 117.5367	 211.6555	 1.0871	 80.4977	 0.1044	 2.1100
0.1365	 -15.1831	 84.3353	 211.5681	 1.0872	 80.4953	 0.1054	 2.1100
0.1365	 -15.2770	 36.9491	 211.2818	 1.0875	 80.4884	 0.1064	 2.1100
0.1365	 -15.4237	 0.7301	 210.8237	 1.0880	 80.4776	 0.1074	 2.1100
0.1365	 -15.6149	 0.0000	 210.2210	 1.0886	 80.4636	 0.1085	 2.1100
0.1365	 -15.8427	 0.0000	 209.5010	 1.0894	 80.4468	 0.1095	 2.1100
0.1365	 -16.0988	 0.0000	 208.6908	 1.0902	 80.4280	 0.1105	 2.1100
0.1365	 -16.3751	 0.0000	 207.8175	 1.0911	 80.4076	 0.1115	 2.1100
0.1365	 -16.6637	 0.0000	 206.9077	 1.0920	 80.3862	 0.1126	 2.1100
0.1365	 -16.9563	 0.0000	 205.9879	 1.0930	 80.3645	 0.1136	 2.1100
0.1365	 -17.2449	 0.0000	 205.0840	 1.0939	 80.3431	 0.1146	 2.1100
0.5042	 -17.5212	 0.0000	 200.3616	 1.0948	 80.3225	 0.1156	 1.8600
0.5042	 -17.7773	 0.0000	 199.5842	 1.0957	 80.3034	 0.1167	 1.8600
0.5042	 -18.0051	 0.0000	 198.8972	 1.0964	 80.2864	 0.1177	 1.8600
0.5042	 -18.1963	 0.0000	 198.3251	 1.0970	 80.2721	 0.1187	 1.8600
0.5042	 -18.3430	 0.0000	 197.8922	 1.0975	 80.2611	 0.1197	 1.8600
0.5042	 -18.4369	 0.0000	 197.5876	 1.0978	 80.2540	 0.1191	 1.8600
0.5042	 -18.4700	 0.0000	 197.4773	 1.0979	 80.2516	 0.1187	 1.8600
0.5042	 -18.1171	 0.1652	 198.6559	 1.0968	 80.2780	 0.1228	 1.8600
0.5042	 -17.2071	 35.6950	 201.5866	 1.0938	 80.3459	 0.1270	 1.8600
0.5042	 -15.9629	 89.2529	 205.5776	 1.0898	 80.4380	 0.1296	 1.8600
0.5042	 -14.6071	 127.4745	 209.9880	 1.0854	 80.5374	 0.1322	 1.8600
0.5042	 -13.3629	 147.7551	 214.1025	 1.0814	 80.6279	 0.1348	 1.8600
0.5042	 -12.4529	 148.7124	 217.1649	 1.0785	 80.6935	 0.1374	 1.8600
0.5042	 -12.1000	 130.2814	 218.3960	 1.0774	 80.7189	 0.1400	 1.8600
0.5042	 -12.1206	 93.7180	 218.3840	 1.0774	 80.7174	 0.1426	 1.8600
0.5042	 -12.1792	 41.5140	 218.2454	 1.0776	 80.7132	 0.1452	 1.8600
0.5042	 -12.2706	 0.9347	 217.9970	 1.0779	 80.7066	 0.1478	 1.8600
0.5042	 -12.3899	 0.0000	 217.6561	 1.0783	 80.6981	 0.1504	 1.8600
0.5042	 -12.5319	 0.0000	 217.2398	 1.0788	 80.6878	 0.1530	 1.8600
0.5042	 -12.6915	 0.0000	 216.7651	 1.0793	 80.6764	 0.1556	 1.8600
0.5042	 -12.8639	 0.0000	 216.2491	 1.0798	 80.6639	 0.1582	 1.8600
0.5042	 -13.0438	 0.0000	 215.7087	 1.0804	 80.6509	 0.1607	 1.8600
0.5042	 -13.2262	 0.0000	 215.1608	 1.0810	 80.6378	 0.1633	 1.8600
0.5042	 -13.4061	 0.0000	 214.6219	 1.0815	 80.6247	 0.1659	 1.8600
0.6604	 -13.5785	 0.0000	 210.6237	 1.0821	 80.6123	 0.1685	 3.2600
0.6604	 -13.7381	 0.0000	 210.1657	 1.0826	 80.6007	 0.1711	 3.2600
0.6604	 -13.8801	 0.0000	 209.7653	 1.0831	 80.5904	 0.1737	 3.2600
0.6604	 -13.9994	 0.0000	 209.4384	 1.0834	 80.5817	 0.1763	 3.2600
0.6604	 -14.0908	 0.0000	 209.2006	 1.0837	 80.5751	 0.1789	 3.2600
0.6604	 -14.1494	 0.0000	 208.9914	 1.0839	 80.5708	 0.1780	 3.2600
0.6604	 -14.1700	 0.0000	 208.9177	 1.0840	 80.5693	 0.1776	 3.2600
0.6604	 -13.7701	 0.2226	 210.3443	 1.0827	 80.5984	 0.1840	 3.2600
0.6604	 -12.7386	 39.0497	 213.6909	 1.0794	 80.6730	 0.1838	 3.2600
0.6604	 -11.3283	 96.7596	 218.3324	 1.0749	 80.7741	 0.1837	 3.2600
0.6604	 -9.7917	 137.9635	 223.4755	 1.0701	 80.8832	 0.1836	 3.2600
0.6604	 -8.3814	 159.8534	 228.2750	 1.0657	 80.9823	 0.1834	 3.2600
0.6604	 -7.3499	 160.9376	 231.8328	 1.0625	 81.0541	 0.1833	 3.2600
0.6604	 -6.9500	 141.1421	 233.2214	 1.0613	 81.0819	 0.1832	 3.2600
0.6604	 -7.0298	 101.8161	 232.9400	 1.0615	 81.0763	 0.1830	 3.2600
0.6604	 -7.2561	 45.6395	 232.1489	 1.0622	 81.0606	 0.1829	 3.2600
0.6604	 -7.6095	 1.1739	 230.9198	 1.0633	 81.0361	 0.1827	 3.2600
0.6604	 -8.0703	 0.0000	 229.3251	 1.0648	 81.0040	 0.1826	 3.2600
0.6604	 -8.6190	 0.0000	 227.4376	 1.0665	 80.9656	 0.1825	 3.2600
0.6604	 -9.2362	 0.0000	 225.3293	 1.0684	 80.9223	 0.1823	 3.2600
0.6604	 -9.9022	 0.0000	 223.0707	 1.0705	 80.8754	 0.1822	 3.2600
0.6604	 -10.5975	 0.0000	 220.7310	 1.0726	 80.8261	 0.1820	 3.2600
0.6604	 -11.3025	 0.0000	 218.3774	 1.0749	 80.7759	 0.1819	 3.2600
0.6604	 -11.9978	 0.0000	 216.0748	 1.0771	 80.7262	 0.1818	 3.2600
0.2406	 -12.6638	 0.0000	 204.8972	 1.0792	 80.6783	 0.1816	 5.9800
0.2406	 -13.2810	 0.0000	 202.9699	 1.0811	 80.6338	 0.1815	 5.9800
0.2406	 -13.8297	 0.0000	 201.2673	 1.0829	 80.5940	 0.1813	 5.9800
0.2406	 -14.2905	 0.0000	 199.7015	 1.0844	 80.5605	 0.1757	 5.9800
0.2406	 -14.6439	 0.0000	 198.4731	 1.0855	 80.5348	 0.1700	 5.9800
0.2406	 -14.8702	 0.0000	 197.6909	 1.0862	 80.5182	 0.1665	 5.9800
0.2406	 -14.9500	 0.0000	 197.4160	 1.0865	 80.5124	 0.1653	 5.9800
0.2406	 -14.3362	 0.3905	 199.5421	 1.0845	 80.5572	 0.1749	 5.9800
0.2406	 -12.7534	 48.0603	 204.4301	 1.0795	 80.6719	 0.1745	 5.9800
0.2406	 -10.5891	 116.9515	 211.1869	 1.0726	 80.8267	 0.1714	 5.9800
0.2406	 -8.2309	 166.0917	 218.7450	 1.0652	 80.9928	 0.1683	 5.9800
0.2406	 -6.0666	 192.1318	 225.8504	 1.0586	 81.1429	 0.1652	 5.9800
0.2406	 -4.4838	 193.2974	 231.1298	 1.0537	 81.2512	 0.1620	 5.9800
0.2406	 -3.8700	 169.5090	 233.1435	 1.0519	 81.2929	 0.1589	 5.9800
0.2406	 -4.0358	 122.3878	 232.4782	 1.0524	 81.2817	 0.1558	 5.9800
0.2406	 -4.5060	 55.1449	 230.7712	 1.0538	 81.2497	 0.1526	 5.9800
0.2406	 -5.2401	 1.5039	 228.1775	 1.0560	 81.1996	 0.1495	 5.9800
0.2406	 -6.1974	 0.0000	 224.8558	 1.0590	 81.1338	 0.1464	 5.9800
0.2406	 -7.3374	 0.0000	 220.9650	 1.0625	 81.0550	 0.1433	 5.9800
0.2406	 -8.6195	 0.0000	 216.6610	 1.0665	 80.9656	 0.1401	 5.9800
0.2406	 -10.0031	 0.0000	 212.0941	 1.0708	 80.8682	 0.1370	 5.9800
0.2406	 -11.4476	 0.0000	 207.4072	 1.0753	 80.7656	 0.1339	 5.9800
0.2406	 -12.9124	 0.0000	 202.7351	 1.0800	 80.6604	 0.1308	 5.9800
0.2406	 -14.3569	 0.0000	 198.2041	 1.0846	 80.5557	 0.1276	 5.9800
0.0469	 -15.7405	 0.0000	 195.4053	 1.0890	 80.4544	 0.1245	 2.0800
0.0469	 -17.0226	 0.0000	 191.4745	 1.0932	 80.3596	 0.1214	 2.0800
0.0469	 -18.1626	 0.0000	 188.0198	 1.0969	 80.2746	 0.1183	 2.0800
0.0469	 -19.1199	 0.0000	 185.0470	 1.1001	 80.2027	 0.1115	 2.0800
0.0469	 -19.8540	 0.0000	 182.7245	 1.1025	 80.1472	 0.1039	 2.0800
0.0469	 -20.3242	 0.0000	 181.2535	 1.1041	 80.1115	 0.0993	 2.0800
0.0469	 -20.4900	 0.0000	 180.7380	 1.1046	 80.0989	 0.0977	 2.0800
0.0469	 -19.9333	 0.4553	 182.4756	 1.1028	 80.1412	 0.1032	 2.0800
0.0469	 -18.4976	 48.0843	 186.6102	 1.0980	 80.2495	 0.1023	 2.0800
0.0469	 -16.5345	 116.0230	 192.3612	 1.0916	 80.3958	 0.1006	 2.0800
0.0469	 -14.3955	 164.5176	 198.7814	 1.0847	 80.5529	 0.0988	 2.0800
0.0469	 -12.4324	 190.2634	 204.8095	 1.0784	 80.6950	 0.0971	 2.0800
0.0469	 -10.9967	 191.5057	 209.2898	 1.0739	 80.7977	 0.0954	 2.0800
0.0469	 -10.4400	 168.1600	 211.0142	 1.0721	 80.8373	 0.0937	 2.0800
0.0469	 -10.5903	 121.8172	 210.4805	 1.0726	 80.8266	 0.0919	 2.0800
0.0469	 -11.0167	 55.6355	 209.0683	 1.0740	 80.7963	 0.0902	 2.0800
0.0469	 -11.6823	 1.7441	 206.9072	 1.0761	 80.7488	 0.0885	 2.0800
0.0469	 -12.5504	 0.0000	 204.1298	 1.0788	 80.6865	 0.0868	 2.0800
0.0469	 -13.5841	 0.0000	 200.8687	 1.0821	 80.6119	 0.0850	 2.0800
0.0469	 -14.7466	 0.0000	 197.2542	 1.0858	 80.5272	 0.0833	 2.0800
0.0469	 -16.0011	 0.0000	 193.4125	 1.0899	 80.4352	 0.0816	 2.0800
0.0469	 -17.3109	 0.0000	 189.4639	 1.0941	 80.3382	 0.0799	 2.0800
0.0469	 -18.6391	 0.0000	 185.5224	 1.0985	 80.2389	 0.0781	 2.0800
0.0469	 -19.9489	 0.0000	 181.6954	 1.1028	 80.1400	 0.0764	 2.0800
0.0000	 -21.2034	 0.0000	 161.5528	 1.1070	 80.0445	 0.0747	 0.3300
0.0000	 -22.3659	 0.0000	 158.5407	 1.1109	 79.9552	 0.0730	 0.3300
0.0000	 -23.3996	 0.0000	 155.8909	 1.1144	 79.8752	 0.0712	 0.3300
0.0000	 -24.2677	 0.0000	 153.6033	 1.1173	 79.8075	 0.0674	 0.3300
0.0000	 -24.9333	 0.0000	 151.8145	 1.1196	 79.7553	 0.0630	 0.3300
0.0000	 -25.3597	 0.0000	 150.6810	 1.1210	 79.7217	 0.0604	 0.3300
0.0000	 -25.5100	 0.0000	 150.2837	 1.1215	 79.7099	 0.0595	 0.3300
0.0000	 -24.9599	 0.8215	 151.7435	 1.1196	 79.7532	 0.0629	 0.3300
0.0000	 -23.5414	 66.2225	 155.3052	 1.1148	 79.8641	 0.0649	 0.3300
0.0000	 -21.6017	 157.0940	 160.1806	 1.1083	 80.0140	 0.0652	 0.3300
0.0000	 -19.4883	 221.9109	 165.6213	 1.1013	 80.1749	 0.0655	 0.3300
0.0000	 -17.5486	 256.2559	 170.7367	 1.0949	 80.3205	 0.0657	 0.3300
0.0000	 -16.1301	 257.7886	 174.5551	 1.0903	 80.4257	 0.0660	 0.3300
0.0000	 -15.5800	 226.4044	 176.0598	 1.0885	 80.4662	 0.0663	 0.3300
0.0000	 -15.6689	 164.2421	 175.8293	 1.0888	 80.4596	 0.0666	 0.3300
0.0000	 -15.9209	 75.5381	 175.1557	 1.0896	 80.4411	 0.0668	 0.3300
0.0000	 -16.3145	 2.5446	 174.1017	 1.0909	 80.4120	 0.0671	 0.3300
0.0000	 -16.8277	 0.0000	 172.7308	 1.0926	 80.3740	 0.0674	 0.3300
0.0000	 -17.4389	 0.0000	 171.1067	 1.0946	 80.3286	 0.0677	 0.3300
0.0000	 -18.1262	 0.0000	 169.2926	 1.0968	 80.2773	 0.0680	 0.3300
0.0000	 -18.8680	 0.0000	 167.3502	 1.0992	 80.2217	 0.0682	 0.3300
0.0000	 -19.6424	 0.0000	 165.3397	 1.1018	 80.1632	 0.0685	 0.3300
0.0000	 -20.4276	 0.0000	 163.3193	 1.1044	 80.1037	 0.0688	 0.3300
0.0000	 -21.2020	 0.0000	 161.3452	 1.1070	 80.0446	 0.0691	 0.3300
0.0000	 -21.9438	 0.0000	 159.9650	 1.1095	 79.9877	 0.0694	 0.4600
0.0000	 -22.6311	 0.0000	 158.2386	 1.1118	 79.9347	 0.0696	 0.4600
0.0000	 -23.2423	 0.0000	 156.7165	 1.1138	 79.8874	 0.0699	 0.4600
0.0000	 -23.7555	 0.0000	 155.4484	 1.1156	 79.8475	 0.0702	 0.4600
0.0000	 -24.1491	 0.0000	 154.4011	 1.1169	 79.8168	 0.0682	 0.4600
0.0000	 -24.4011	 0.0000	 153.7178	 1.1177	 79.7970	 0.0665	 0.4600
0.0000	 -24.4900	 0.0000	 153.4777	 1.1180	 79.7901	 0.0659	 0.4600
0.0000	 -23.9521	 0.9362	 154.9373	 1.1162	 79.8321	 0.0695	 0.4600
0.0000	 -22.5650	 66.9410	 158.5130	 1.1115	 79.9398	 0.0726	 0.4600
0.0000	 -20.6683	 157.5451	 163.3753	 1.1052	 80.0853	 0.0733	 0.4600
0.0000	 -18.6017	 222.2312	 168.7968	 1.0984	 80.2417	 0.0741	 0.4600
0.0000	 -16.7050	 256.5910	 173.8930	 1.0922	 80.3831	 0.0749	 0.4600
0.0000	 -15.3179	 258.2829	 177.7007	 1.0877	 80.4854	 0.0757	 0.4600
0.0000	 -14.7800	 227.1915	 179.2128	 1.0859	 80.5248	 0.0764	 0.4600
0.0000	 -14.8522	 165.4359	 179.0442	 1.0862	 80.5195	 0.0772	 0.4600
0.0000	 -15.0570	 77.2244	 178.5100	 1.0868	 80.5045	 0.0780	 0.4600
0.0000	 -15.3768	 2.9927	 177.6613	 1.0879	 80.4811	 0.0788	 0.4600
0.0000	 -15.7939	 0.0000	 176.5496	 1.0892	 80.4504	 0.0795	 0.4600
0.0000	 -16.2905	 0.0000	 175.2268	 1.0908	 80.4138	 0.0803	 0.4600
0.0000	 -16.8490	 0.0000	 173.7443	 1.0926	 80.3725	 0.0811	 0.4600
0.0000	 -17.4517	 0.0000	 172.1525	 1.0946	 80.3277	 0.0818	 0.4600
0.0000	 -18.0810	 0.0000	 170.5010	 1.0967	 80.2807	 0.0826	 0.4600
0.0000	 -18.7190	 0.0000	 168.8379	 1.0988	 80.2329	 0.0834	 0.4600
0.0000	 -19.3483	 0.0000	 167.2101	 1.1008	 80.1855	 0.0842	 0.4600
