0.3271	 -10.5967	 0.0000	 222.0680	 1.1115	 83.7582	 0.2109	 4.5700
0.3271	 -11.1645	 0.0000	 220.1631	 1.1135	 83.7231	 0.2109	 4.5700
0.3271	 -11.6693	 0.0000	 218.4796	 1.1152	 83.6917	 0.2109	 4.5700
0.3271	 -12.0933	 0.0000	 217.0734	 1.1167	 83.6653	 0.2109	 4.5700
0.3271	 -12.4184	 0.0000	 215.9492	 1.1178	 83.6450	 0.2085	 4.5700
0.3271	 -12.6266	 0.0000	 215.1812	 1.1185	 83.6320	 0.2046	 4.5700
0.3271	 -12.7000	 0.0000	 214.9112	 1.1188	 83.6274	 0.2032	 4.5700
0.3271	 -12.2923	 0.0714	 216.3227	 1.1174	 83.6529	 0.2065	 4.5700
0.3271	 -11.2409	 35.4125	 219.7190	 1.1138	 83.7184	 0.2021	 4.5700
0.3271	 -9.8032	 91.1571	 224.4620	 1.1088	 83.8071	 0.1977	 4.5700
0.3271	 -8.2368	 130.9863	 229.7246	 1.1035	 83.9028	 0.1933	 4.5700
0.3271	 -6.7991	 152.1858	 234.6264	 1.0987	 83.9897	 0.1889	 4.5700
0.3271	 -5.7477	 153.3109	 238.2322	 1.0952	 84.0527	 0.1845	 4.5700
0.3271	 -5.3400	 134.2848	 239.5771	 1.0939	 84.0770	 0.1801	 4.5700
0.3271	 -5.4978	 96.4043	 238.9105	 1.0944	 84.0676	 0.1757	 4.5700
0.3271	 -5.9454	 42.2507	 237.2182	 1.0959	 84.0409	 0.1713	 4.5700
0.3271	 -6.6441	 0.8341	 234.6523	 1.0982	 83.9990	 0.1669	 4.5700
0.3271	 -7.5554	 0.0000	 231.3684	 1.1013	 83.9441	 0.1625	 4.5700
0.3271	 -8.6405	 0.0000	 227.5222	 1.1049	 83.8782	 0.1581	 4.5700
0.3271	 -9.8609	 0.0000	 223.2663	 1.1090	 83.8036	 0.1537	 4.5700
0.3271	 -11.1779	 0.0000	 218.7484	 1.1135	 83.7223	 0.1493	 4.5700
0.3271	 -12.5529	 0.0000	 214.1090	 1.1183	 83.6366	 0.1449	 4.5700
0.3271	 -13.9471	 0.0000	 209.4812	 1.1231	 83.5489	 0.1405	 4.5700
0.3271	 -15.3221	 0.0000	 204.9894	 1.1279	 83.4615	 0.1361	 4.5700
0.0000	 -16.6391	 0.0000	 170.6610	 1.1326	 83.3770	 0.1317	 2.5800
0.0000	 -17.8595	 0.0000	 167.2394	 1.1369	 83.2980	 0.1258	 2.5800
0.0000	 -18.9446	 0.0000	 163.9736	 1.1408	 83.2271	 0.1134	 2.5800
0.0000	 -19.8559	 0.0000	 161.2926	 1.1441	 83.1672	 0.1039	 2.5800
0.0000	 -20.5546	 0.0000	 159.2735	 1.1466	 83.1210	 0.0971	 2.5800
0.0000	 -21.0022	 0.0000	 157.9964	 1.1482	 83.0913	 0.0930	 2.5800
0.0000	 -21.1600	 0.0000	 157.5492	 1.1488	 83.0808	 0.0916	 2.5800
0.0000	 -20.3590	 0.1696	 159.8356	 1.1459	 83.1340	 0.0990	 2.5800
0.0000	 -18.2933	 61.0046	 165.2472	 1.1384	 83.2697	 0.1030	 2.5800
0.0000	 -15.4687	 155.5049	 172.6014	 1.1284	 83.4521	 0.1018	 2.5800
0.0000	 -12.3913	 223.0224	 180.8948	 1.1177	 83.6467	 0.1006	 2.5800
0.0000	 -9.5667	 258.9560	 188.7614	 1.1080	 83.8216	 0.0994	 2.5800
0.0000	 -7.5010	 260.8567	 194.6603	 1.1011	 83.9474	 0.0982	 2.5800
0.0000	 -6.7000	 228.5952	 196.9510	 1.0984	 83.9956	 0.0970	 2.5800
0.0000	 -6.8702	 164.3698	 196.3967	 1.0990	 83.9854	 0.0958	 2.5800
0.0000	 -7.3532	 72.5576	 194.9294	 1.1006	 83.9563	 0.0946	 2.5800
0.0000	 -8.1072	 1.5626	 192.6853	 1.1031	 83.9107	 0.0934	 2.5800
0.0000	 -9.0904	 0.0000	 189.8039	 1.1064	 83.8508	 0.0922	 2.5800
0.0000	 -10.2613	 0.0000	 186.4250	 1.1104	 83.7789	 0.0910	 2.5800
0.0000	 -11.5781	 0.0000	 182.6855	 1.1149	 83.6974	 0.0898	 2.5800
0.0000	 -12.9992	 0.0000	 178.7175	 1.1198	 83.6086	 0.0886	 2.5800
0.0000	 -14.4828	 0.0000	 174.6462	 1.1250	 83.5149	 0.0874	 2.5800
0.0000	 -15.9872	 0.0000	 170.5899	 1.1303	 83.4189	 0.0862	 2.5800
0.0000	 -17.4708	 0.0000	 166.6586	 1.1355	 83.3232	 0.0850	 2.5800
0.0000	 -18.8919	 0.0000	 168.7465	 1.1406	 83.2306	 0.0838	 0.6900
0.0000	 -20.2087	 0.0000	 165.2498	 1.1453	 83.1439	 0.0826	 0.6900
0.0000	 -21.3796	 0.0000	 162.1817	 1.1496	 83.0661	 0.0814	 0.6900
0.0000	 -22.3628	 0.0000	 159.6315	 1.1532	 83.0003	 0.0802	 0.6900
0.0000	 -23.1168	 0.0000	 157.5641	 1.1559	 82.9495	 0.0756	 0.6900
0.0000	 -23.5998	 0.0000	 156.2288	 1.1577	 82.9168	 0.0720	 0.6900
0.0000	 -23.7700	 0.0000	 155.7612	 1.1583	 82.9053	 0.0708	 0.6900
0.0000	 -23.2161	 0.2097	 157.2886	 1.1563	 82.9428	 0.0748	 0.6900
0.0000	 -21.7875	 57.4301	 161.0528	 1.1511	 83.0389	 0.0790	 0.6900
0.0000	 -19.8341	 145.0008	 166.1398	 1.1440	 83.1686	 0.0802	 0.6900
0.0000	 -17.7059	 207.5728	 171.8145	 1.1363	 83.3080	 0.0815	 0.6900
0.0000	 -15.7525	 240.8819	 177.1534	 1.1294	 83.4340	 0.0827	 0.6900
0.0000	 -14.3239	 242.6581	 181.1488	 1.1244	 83.5250	 0.0839	 0.6900
0.0000	 -13.7700	 212.7803	 182.7454	 1.1225	 83.5601	 0.0851	 0.6900
0.0000	 -13.8302	 153.2847	 182.6243	 1.1227	 83.5563	 0.0863	 0.6900
0.0000	 -14.0011	 68.2259	 182.1931	 1.1233	 83.5455	 0.0875	 0.6900
0.0000	 -14.2679	 1.6174	 181.4948	 1.1242	 83.5286	 0.0887	 0.6900
0.0000	 -14.6158	 0.0000	 180.5727	 1.1254	 83.5065	 0.0900	 0.6900
0.0000	 -15.0301	 0.0000	 179.4700	 1.1269	 83.4801	 0.0912	 0.6900
0.0000	 -15.4961	 0.0000	 178.2301	 1.1285	 83.4504	 0.0924	 0.6900
0.0000	 -15.9989	 0.0000	 176.8954	 1.1303	 83.4182	 0.0936	 0.6900
0.0000	 -16.5238	 0.0000	 175.5078	 1.1321	 83.3844	 0.0948	 0.6900
0.0000	 -17.0562	 0.0000	 174.1082	 1.1340	 83.3501	 0.0960	 0.6900
0.0000	 -17.5811	 0.0000	 172.7367	 1.1359	 83.3161	 0.0973	 0.6900
0.0000	 -18.0839	 0.0000	 191.2658	 1.1377	 83.2834	 0.0985	 2.0200
0.0000	 -18.5499	 0.0000	 189.9077	 1.1394	 83.2530	 0.0997	 2.0200
0.0000	 -18.9642	 0.0000	 188.7095	 1.1408	 83.2259	 0.1009	 2.0200
0.0000	 -19.3121	 0.0000	 187.7125	 1.1421	 83.2030	 0.1021	 2.0200
0.0000	 -19.5789	 0.0000	 186.9577	 1.1431	 83.1855	 0.1033	 2.0200
0.0000	 -19.7498	 0.0000	 186.4863	 1.1437	 83.1742	 0.1045	 2.0200
0.0000	 -19.8100	 0.0000	 186.3058	 1.1439	 83.1702	 0.1044	 2.0200
0.0000	 -19.5037	 0.1917	 187.2688	 1.1428	 83.1904	 0.1069	 2.0200
0.0000	 -18.7137	 41.4401	 189.6340	 1.1399	 83.2423	 0.1081	 2.0200
0.0000	 -17.6335	 103.6575	 192.8931	 1.1361	 83.3127	 0.1093	 2.0200
0.0000	 -16.4565	 148.1230	 196.4890	 1.1319	 83.3888	 0.1105	 2.0200
0.0000	 -15.3763	 171.8062	 199.8359	 1.1281	 83.4580	 0.1117	 2.0200
0.0000	 -14.5863	 173.0933	 202.3188	 1.1253	 83.5084	 0.1128	 2.0200
0.0000	 -14.2800	 151.8965	 203.3066	 1.1243	 83.5278	 0.1140	 2.0200
0.0000	 -14.3117	 109.6603	 203.2381	 1.1244	 83.5258	 0.1152	 2.0200
0.0000	 -14.4017	 49.2630	 202.9874	 1.1247	 83.5201	 0.1164	 2.0200
0.0000	 -14.5421	 1.2942	 202.5791	 1.1252	 83.5112	 0.1176	 2.0200
0.0000	 -14.7253	 0.0000	 202.0383	 1.1258	 83.4995	 0.1187	 2.0200
0.0000	 -14.9434	 0.0000	 201.3899	 1.1266	 83.4856	 0.1199	 2.0200
0.0000	 -15.1888	 0.0000	 200.6586	 1.1274	 83.4700	 0.1211	 2.0200
0.0000	 -15.4535	 0.0000	 199.8693	 1.1284	 83.4531	 0.1223	 2.0200
0.0000	 -15.7299	 0.0000	 199.0463	 1.1293	 83.4354	 0.1234	 2.0200
0.0000	 -16.0101	 0.0000	 198.2138	 1.1303	 83.4174	 0.1246	 2.0200
0.0000	 -16.2865	 0.0000	 197.3957	 1.1313	 83.3997	 0.1258	 2.0200
0.1000	 -16.5512	 0.0000	 204.6721	 1.1322	 83.3827	 0.1270	 1.8100
0.1000	 -16.7966	 0.0000	 203.9174	 1.1331	 83.3668	 0.1282	 1.8100
0.1000	 -17.0147	 0.0000	 203.2507	 1.1339	 83.3528	 0.1293	 1.8100
0.1000	 -17.1979	 0.0000	 202.6959	 1.1345	 83.3409	 0.1305	 1.8100
0.1000	 -17.3383	 0.0000	 202.2768	 1.1350	 83.3318	 0.1317	 1.8100
0.1000	 -17.4283	 0.0000	 201.9800	 1.1354	 83.3260	 0.1310	 1.8100
0.1000	 -17.4600	 0.0000	 201.8722	 1.1355	 83.3239	 0.1307	 1.8100
0.1000	 -17.1044	 0.2008	 203.0847	 1.1342	 83.3470	 0.1351	 1.8100
0.1000	 -16.1872	 35.2306	 206.1179	 1.1310	 83.4061	 0.1409	 1.8100
0.1000	 -14.9332	 87.3265	 210.2271	 1.1265	 83.4863	 0.1443	 1.8100
0.1000	 -13.5668	 124.5703	 214.7672	 1.1218	 83.5729	 0.1477	 1.8100
0.1000	 -12.3128	 144.4242	 219.0042	 1.1174	 83.6516	 0.1511	 1.8100
0.1000	 -11.3956	 145.5350	 222.1616	 1.1143	 83.7088	 0.1545	 1.8100
0.1000	 -11.0400	 127.8270	 223.4390	 1.1131	 83.7308	 0.1579	 1.8100
0.1000	 -11.0561	 92.5071	 223.4561	 1.1131	 83.7298	 0.1613	 1.8100
0.1000	 -11.1016	 41.9822	 223.3726	 1.1133	 83.7270	 0.1647	 1.8100
0.1000	 -11.1727	 1.2279	 223.2020	 1.1135	 83.7226	 0.1682	 1.8100
0.1000	 -11.2655	 0.0000	 222.9577	 1.1138	 83.7168	 0.1716	 1.8100
0.1000	 -11.3759	 0.0000	 222.6533	 1.1142	 83.7100	 0.1750	 1.8100
0.1000	 -11.5001	 0.0000	 222.3023	 1.1146	 83.7023	 0.1784	 1.8100
0.1000	 -11.6341	 0.0000	 221.9180	 1.1151	 83.6939	 0.1818	 1.8100
0.1000	 -11.7741	 0.0000	 221.5140	 1.1156	 83.6852	 0.1852	 1.8100
0.1000	 -11.9159	 0.0000	 221.1036	 1.1161	 83.6764	 0.1886	 1.8100
0.1000	 -12.0559	 0.0000	 220.7000	 1.1166	 83.6677	 0.1920	 1.8100
0.3229	 -12.1899	 0.0000	 211.9068	 1.1170	 83.6593	 0.1954	 3.1100
0.3229	 -12.3141	 0.0000	 211.5860	 1.1174	 83.6515	 0.1988	 3.1100
0.3229	 -12.4245	 0.0000	 211.3095	 1.1178	 83.6446	 0.2023	 3.1100
0.3229	 -12.5173	 0.0000	 211.0900	 1.1181	 83.6388	 0.2057	 3.1100
0.3229	 -12.5884	 0.0000	 210.8519	 1.1184	 83.6344	 0.2053	 3.1100
0.3229	 -12.6339	 0.0000	 210.6857	 1.1185	 83.6315	 0.2044	 3.1100
0.3229	 -12.6500	 0.0000	 210.6271	 1.1186	 83.6305	 0.2041	 3.1100
0.3229	 -12.1636	 0.2929	 212.4096	 1.1169	 83.6609	 0.2133	 3.1100
0.3229	 -10.9094	 42.6648	 216.5055	 1.1126	 83.7389	 0.2137	 3.1100
0.3229	 -9.1943	 104.8175	 222.1646	 1.1068	 83.8444	 0.2125	 3.1100
0.3229	 -7.3257	 149.2707	 228.4584	 1.1005	 83.9580	 0.2114	 3.1100
0.3229	 -5.6106	 172.9952	 234.3491	 1.0948	 84.0609	 0.2103	 3.1100
0.3229	 -4.3564	 174.3741	 238.7210	 1.0906	 84.1354	 0.2091	 3.1100
0.3229	 -3.8700	 153.3134	 240.4148	 1.0890	 84.1641	 0.2080	 3.1100
0.3229	 -3.9806	 111.2484	 239.9933	 1.0894	 84.1576	 0.2069	 3.1100
0.3229	 -4.2944	 51.0458	 238.8536	 1.0904	 84.1390	 0.2058	 3.1100
0.3229	 -4.7842	 1.6690	 237.0985	 1.0920	 84.1100	 0.2046	 3.1100
0.3229	 -5.4230	 0.0000	 234.8329	 1.0942	 84.0721	 0.2035	 3.1100
0.3229	 -6.1837	 0.0000	 232.1615	 1.0967	 84.0266	 0.2024	 3.1100
0.3229	 -7.0392	 0.0000	 229.1880	 1.0995	 83.9752	 0.2013	 3.1100
0.3229	 -7.9624	 0.0000	 226.0134	 1.1026	 83.9194	 0.2001	 3.1100
0.3229	 -8.9263	 0.0000	 222.7357	 1.1059	 83.8608	 0.1990	 3.1100
0.3229	 -9.9037	 0.0000	 219.4488	 1.1092	 83.8009	 0.1979	 3.1100
0.3229	 -10.8676	 0.0000	 216.2428	 1.1125	 83.7415	 0.1968	 3.1100
0.2594	 -11.7908	 0.0000	 205.8673	 1.1156	 83.6842	 0.1956	 5.6500
0.2594	 -12.6463	 0.0000	 203.1721	 1.1186	 83.6307	 0.1945	 5.6500
0.2594	 -13.4070	 0.0000	 200.7173	 1.1212	 83.5830	 0.1905	 5.6500
0.2594	 -14.0458	 0.0000	 198.4727	 1.1234	 83.5426	 0.1797	 5.6500
0.2594	 -14.5356	 0.0000	 196.7719	 1.1252	 83.5116	 0.1717	 5.6500
0.2594	 -14.8494	 0.0000	 195.6915	 1.1263	 83.4916	 0.1668	 5.6500
0.2594	 -14.9600	 0.0000	 195.3124	 1.1266	 83.4846	 0.1651	 5.6500
0.2594	 -14.1640	 0.4781	 198.0607	 1.1239	 83.5351	 0.1777	 5.6500
0.2594	 -12.1111	 50.5041	 204.4719	 1.1167	 83.6642	 0.1812	 5.6500
0.2594	 -9.3042	 121.8947	 213.2439	 1.1072	 83.8377	 0.1773	 5.6500
0.2594	 -6.2458	 172.9053	 223.1282	 1.0969	 84.0229	 0.1734	 5.6500
0.2594	 -3.4389	 200.0599	 232.4875	 1.0876	 84.1895	 0.1696	 5.6500
0.2594	 -1.3860	 201.5077	 239.4824	 1.0809	 84.3093	 0.1657	 5.6500
0.2594	 -0.5900	 177.1502	 242.1595	 1.0784	 84.3553	 0.1619	 5.6500
0.2594	 -0.7984	 128.6473	 241.2979	 1.0790	 84.3432	 0.1580	 5.6500
0.2594	 -1.3898	 59.3043	 239.0946	 1.0810	 84.3090	 0.1541	 5.6500
0.2594	 -2.3129	 2.0352	 235.7544	 1.0839	 84.2554	 0.1503	 5.6500
0.2594	 -3.5168	 0.0000	 231.4879	 1.0879	 84.1849	 0.1464	 5.6500
0.2594	 -4.9504	 0.0000	 226.5059	 1.0926	 84.1002	 0.1425	 5.6500
0.2594	 -6.5626	 0.0000	 221.0141	 1.0979	 84.0039	 0.1387	 5.6500
0.2594	 -8.3025	 0.0000	 215.2091	 1.1038	 83.8988	 0.1348	 5.6500
0.2594	 -10.1190	 0.0000	 209.2761	 1.1099	 83.7877	 0.1309	 5.6500
0.2594	 -11.9610	 0.0000	 203.3870	 1.1162	 83.6736	 0.1271	 5.6500
0.2594	 -13.7775	 0.0000	 197.7000	 1.1225	 83.5596	 0.1232	 5.6500
0.0000	 -15.5174	 0.0000	 178.4013	 1.1286	 83.4490	 0.1194	 2.1700
0.0000	 -17.1296	 0.0000	 173.8662	 1.1343	 83.3453	 0.1155	 2.1700
0.0000	 -18.5632	 0.0000	 169.8910	 1.1394	 83.2521	 0.1116	 2.1700
0.0000	 -19.7671	 0.0000	 166.4797	 1.1437	 83.1731	 0.1048	 2.1700
0.0000	 -20.6902	 0.0000	 163.7643	 1.1471	 83.1120	 0.0959	 2.1700
0.0000	 -21.2816	 0.0000	 162.0526	 1.1492	 83.0727	 0.0905	 2.1700
0.0000	 -21.4900	 0.0000	 161.4543	 1.1500	 83.0588	 0.0887	 2.1700
0.0000	 -20.9183	 0.7034	 163.1015	 1.1479	 83.0968	 0.0938	 2.1700
0.0000	 -19.4441	 64.5748	 166.9056	 1.1426	 83.1943	 0.0931	 2.1700
0.0000	 -17.4282	 154.5651	 172.1894	 1.1354	 83.3260	 0.0916	 2.1700
0.0000	 -15.2318	 218.9091	 178.0928	 1.1276	 83.4673	 0.0901	 2.1700
0.0000	 -13.2159	 253.2219	 183.6380	 1.1206	 83.5950	 0.0886	 2.1700
0.0000	 -11.7417	 255.1650	 187.7578	 1.1155	 83.6872	 0.0871	 2.1700
0.0000	 -11.1700	 224.6062	 189.3355	 1.1135	 83.7228	 0.0855	 2.1700
0.0000	 -11.3218	 163.6278	 188.8367	 1.1140	 83.7133	 0.0840	 2.1700
0.0000	 -11.7524	 76.3855	 187.5409	 1.1155	 83.6866	 0.0825	 2.1700
0.0000	 -12.4247	 2.9514	 185.5657	 1.1178	 83.6446	 0.0810	 2.1700
0.0000	 -13.3014	 0.0000	 183.0318	 1.1209	 83.5896	 0.0795	 2.1700
0.0000	 -14.3454	 0.0000	 180.0598	 1.1245	 83.5236	 0.0779	 2.1700
0.0000	 -15.5195	 0.0000	 176.7681	 1.1286	 83.4489	 0.0764	 2.1700
0.0000	 -16.7865	 0.0000	 173.2714	 1.1331	 83.3675	 0.0749	 2.1700
0.0000	 -18.1093	 0.0000	 169.6788	 1.1378	 83.2817	 0.0734	 2.1700
0.0000	 -19.4507	 0.0000	 166.0937	 1.1426	 83.1939	 0.0719	 2.1700
0.0000	 -20.7735	 0.0000	 162.6134	 1.1474	 83.1065	 0.0703	 2.1700
0.0000	 -22.0405	 0.0000	 158.1888	 1.1520	 83.0219	 0.0688	 0.3100
0.0000	 -23.2146	 0.0000	 155.2060	 1.1563	 82.9429	 0.0673	 0.3100
0.0000	 -24.2586	 0.0000	 152.5828	 1.1602	 82.8720	 0.0658	 0.3100
0.0000	 -25.1353	 0.0000	 150.3038	 1.1634	 82.8121	 0.0618	 0.3100
0.0000	 -25.8076	 0.0000	 148.5363	 1.1659	 82.7659	 0.0577	 0.3100
0.0000	 -26.2382	 0.0000	 147.4162	 1.1675	 82.7362	 0.0552	 0.3100
0.0000	 -26.3900	 0.0000	 147.0237	 1.1681	 82.7257	 0.0544	 0.3100
0.0000	 -25.7857	 0.9514	 148.5936	 1.1658	 82.7674	 0.0578	 0.3100
0.0000	 -24.2271	 68.0321	 152.4606	 1.1600	 82.8742	 0.0605	 0.3100
0.0000	 -22.0960	 160.1446	 157.7440	 1.1522	 83.0182	 0.0609	 0.3100
0.0000	 -19.7740	 225.9566	 163.6542	 1.1438	 83.1726	 0.0612	 0.3100
0.0000	 -17.6429	 260.9831	 169.2246	 1.1361	 83.3121	 0.0616	 0.3100
0.0000	 -16.0843	 262.8372	 173.3920	 1.1306	 83.4127	 0.0620	 0.3100
0.0000	 -15.4800	 231.3925	 175.0384	 1.1285	 83.4514	 0.0624	 0.3100
0.0000	 -15.5742	 168.7918	 174.7996	 1.1288	 83.4454	 0.0628	 0.3100
0.0000	 -15.8416	 79.3013	 174.0939	 1.1297	 83.4283	 0.0632	 0.3100
0.0000	 -16.2590	 3.2558	 172.9873	 1.1312	 83.4015	 0.0636	 0.3100
0.0000	 -16.8033	 0.0000	 171.5472	 1.1331	 83.3664	 0.0640	 0.3100
0.0000	 -17.4516	 0.0000	 169.8410	 1.1354	 83.3245	 0.0643	 0.3100
0.0000	 -18.1805	 0.0000	 167.9354	 1.1380	 83.2771	 0.0647	 0.3100
0.0000	 -18.9672	 0.0000	 165.8958	 1.1409	 83.2257	 0.0651	 0.3100
0.0000	 -19.7886	 0.0000	 163.7856	 1.1438	 83.1717	 0.0655	 0.3100
0.0000	 -20.6214	 0.0000	 161.6661	 1.1468	 83.1166	 0.0659	 0.3100
0.0000	 -21.4428	 0.0000	 159.5963	 1.1498	 83.0619	 0.0663	 0.3100
0.0000	 -22.2295	 0.0000	 157.9035	 1.1527	 83.0093	 0.0667	 0.3700
0.0000	 -22.9584	 0.0000	 156.0983	 1.1554	 82.9602	 0.0670	 0.3700
0.0000	 -23.6067	 0.0000	 154.5077	 1.1577	 82.9163	 0.0674	 0.3700
0.0000	 -24.1510	 0.0000	 153.1837	 1.1598	 82.8794	 0.0678	 0.3700
0.0000	 -24.5684	 0.0000	 152.0735	 1.1613	 82.8509	 0.0654	 0.3700
0.0000	 -24.8358	 0.0000	 151.3588	 1.1623	 82.8326	 0.0636	 0.3700
0.0000	 -24.9300	 0.0000	 151.1078	 1.1626	 82.8262	 0.0630	 0.3700
0.0000	 -24.3340	 1.0782	 152.7032	 1.1604	 82.8669	 0.0669	 0.3700
0.0000	 -22.7968	 68.9431	 156.6412	 1.1548	 82.9711	 0.0708	 0.3700
0.0000	 -20.6950	 161.0316	 161.9802	 1.1471	 83.1117	 0.0717	 0.3700
0.0000	 -18.4050	 226.8852	 167.9482	 1.1388	 83.2624	 0.0726	 0.3700
0.0000	 -16.3032	 262.0163	 173.5725	 1.1314	 83.3986	 0.0735	 0.3700
0.0000	 -14.7660	 264.0307	 177.7843	 1.1260	 83.4969	 0.0744	 0.3700
0.0000	 -14.1700	 232.7911	 179.4608	 1.1239	 83.5348	 0.0754	 0.3700
0.0000	 -14.2468	 170.4264	 179.2864	 1.1241	 83.5299	 0.0763	 0.3700
0.0000	 -14.4646	 81.1867	 178.7235	 1.1249	 83.5161	 0.0772	 0.3700
0.0000	 -14.8047	 3.7636	 177.8265	 1.1261	 83.4945	 0.0781	 0.3700
0.0000	 -15.2483	 0.0000	 176.6505	 1.1277	 83.4662	 0.0790	 0.3700
0.0000	 -15.7765	 0.0000	 175.2507	 1.1295	 83.4324	 0.0799	 0.3700
0.0000	 -16.3704	 0.0000	 173.6817	 1.1316	 83.3943	 0.0808	 0.3700
0.0000	 -17.0115	 0.0000	 171.9975	 1.1339	 83.3530	 0.0817	 0.3700
0.0000	 -17.6807	 0.0000	 170.2505	 1.1363	 83.3096	 0.0826	 0.3700
0.0000	 -18.3593	 0.0000	 168.4920	 1.1387	 83.2654	 0.0836	 0.3700
0.0000	 -19.0285	 0.0000	 166.7715	 1.1411	 83.2216	 0.0845	 0.3700
