0.1844	 -14.9395	 0.0000	 204.8224	 1.0909	 80.8443	 0.1381	 4.5100
0.1844	 -15.6361	 0.0000	 202.6297	 1.0932	 80.7940	 0.1381	 4.5100
0.1844	 -16.2555	 0.0000	 200.6948	 1.0952	 80.7490	 0.1381	 4.5100
0.1844	 -16.7756	 0.0000	 199.0807	 1.0969	 80.7110	 0.1381	 4.5100
0.1844	 -17.1745	 0.0000	 197.7605	 1.0982	 80.6818	 0.1342	 4.5100
0.1844	 -17.4299	 0.0000	 196.9022	 1.0991	 80.6631	 0.1310	 4.5100
0.1844	 -17.5200	 0.0000	 196.6005	 1.0994	 80.6565	 0.1299	 4.5100
0.1844	 -17.0198	 0.1803	 198.2590	 1.0977	 80.6932	 0.1352	 4.5100
0.1844	 -15.7298	 38.9486	 202.1987	 1.0935	 80.7872	 0.1322	 4.5100
0.1844	 -13.9659	 97.2996	 207.7055	 1.0878	 80.9143	 0.1293	 4.5100
0.1844	 -12.0441	 138.7977	 213.8385	 1.0816	 81.0511	 0.1263	 4.5100
0.1844	 -10.2802	 160.6148	 219.5792	 1.0760	 81.1750	 0.1233	 4.5100
0.1844	 -8.9902	 161.2642	 223.8292	 1.0719	 81.2647	 0.1204	 4.5100
0.1844	 -8.4900	 140.7016	 225.4460	 1.0703	 81.2993	 0.1174	 4.5100
0.1844	 -8.6628	 100.3283	 224.7820	 1.0709	 81.2873	 0.1145	 4.5100
0.1844	 -9.1531	 42.8957	 223.0477	 1.0724	 81.2534	 0.1115	 4.5100
0.1844	 -9.9186	 0.6210	 220.4032	 1.0748	 81.2002	 0.1086	 4.5100
0.1844	 -10.9168	 0.0000	 217.0126	 1.0780	 81.1305	 0.1056	 4.5100
0.1844	 -12.1056	 0.0000	 213.0404	 1.0818	 81.0467	 0.1026	 4.5100
0.1844	 -13.4424	 0.0000	 208.6476	 1.0861	 80.9518	 0.0997	 4.5100
0.1844	 -14.8851	 0.0000	 203.9891	 1.0907	 80.8482	 0.0967	 4.5100
0.1844	 -16.3913	 0.0000	 199.2123	 1.0957	 80.7391	 0.0938	 4.5100
0.1844	 -17.9187	 0.0000	 194.4552	 1.1007	 80.6271	 0.0908	 4.5100
0.1844	 -19.4249	 0.0000	 189.8466	 1.1057	 80.5156	 0.0879	 4.5100
0.0000	 -20.8676	 0.0000	 159.0410	 1.1105	 80.4076	 0.0849	 2.6500
0.0000	 -22.2044	 0.0000	 155.6011	 1.1150	 80.3065	 0.0819	 2.6500
0.0000	 -23.3932	 0.0000	 152.3683	 1.1191	 80.2159	 0.0735	 2.6500
0.0000	 -24.3914	 0.0000	 149.6914	 1.1225	 80.1391	 0.0666	 2.6500
0.0000	 -25.1569	 0.0000	 147.6756	 1.1251	 80.0799	 0.0616	 2.6500
0.0000	 -25.6472	 0.0000	 146.4007	 1.1268	 80.0418	 0.0586	 2.6500
0.0000	 -25.8200	 0.0000	 145.9543	 1.1274	 80.0283	 0.0576	 2.6500
0.0000	 -24.9824	 0.3642	 148.1322	 1.1245	 80.0934	 0.0627	 2.6500
0.0000	 -22.8224	 63.8549	 153.4297	 1.1171	 80.2595	 0.0651	 2.6500
0.0000	 -19.8690	 158.0582	 160.7261	 1.1072	 80.4825	 0.0641	 2.6500
0.0000	 -16.6510	 225.0513	 168.9724	 1.0965	 80.7201	 0.0630	 2.6500
0.0000	 -13.6976	 260.2687	 176.8123	 1.0869	 80.9335	 0.0620	 2.6500
0.0000	 -11.5376	 261.3106	 182.7034	 1.0800	 81.0868	 0.0610	 2.6500
0.0000	 -10.7000	 228.1058	 184.9975	 1.0773	 81.1457	 0.0600	 2.6500
0.0000	 -10.8949	 162.9172	 184.4030	 1.0779	 81.1320	 0.0589	 2.6500
0.0000	 -11.4477	 70.1874	 182.8112	 1.0797	 81.0932	 0.0579	 2.6500
0.0000	 -12.3108	 1.1284	 180.3731	 1.0824	 81.0322	 0.0569	 2.6500
0.0000	 -13.4363	 0.0000	 177.2443	 1.0861	 80.9522	 0.0559	 2.6500
0.0000	 -14.7766	 0.0000	 173.5805	 1.0904	 80.8561	 0.0548	 2.6500
0.0000	 -16.2840	 0.0000	 169.5339	 1.0953	 80.7469	 0.0538	 2.6500
0.0000	 -17.9107	 0.0000	 165.2502	 1.1007	 80.6277	 0.0528	 2.6500
0.0000	 -19.6089	 0.0000	 160.8670	 1.1063	 80.5019	 0.0518	 2.6500
0.0000	 -21.3311	 0.0000	 156.5124	 1.1121	 80.3727	 0.0507	 2.6500
0.0000	 -23.0293	 0.0000	 152.3047	 1.1178	 80.2437	 0.0497	 2.6500
0.0000	 -24.6560	 0.0000	 148.6347	 1.1234	 80.1187	 0.0487	 0.6900
0.0000	 -26.1634	 0.0000	 145.0319	 1.1286	 80.0015	 0.0477	 0.6900
0.0000	 -27.5037	 0.0000	 141.8793	 1.1333	 79.8962	 0.0466	 0.6900
0.0000	 -28.6292	 0.0000	 139.1721	 1.1372	 79.8070	 0.0432	 0.6900
0.0000	 -29.4923	 0.0000	 137.0793	 1.1403	 79.7381	 0.0395	 0.6900
0.0000	 -30.0451	 0.0000	 135.7564	 1.1422	 79.6937	 0.0373	 0.6900
0.0000	 -30.2400	 0.0000	 135.2933	 1.1429	 79.6780	 0.0365	 0.6900
0.0000	 -29.4224	 0.4458	 137.2475	 1.1400	 79.7436	 0.0398	 0.6900
0.0000	 -27.3138	 64.8709	 142.2197	 1.1326	 79.9112	 0.0442	 0.6900
0.0000	 -24.4307	 159.1368	 149.0220	 1.1226	 80.1361	 0.0450	 0.6900
0.0000	 -21.2893	 226.1803	 156.7050	 1.1119	 80.3758	 0.0458	 0.6900
0.0000	 -18.4062	 261.4326	 164.0175	 1.1023	 80.5912	 0.0466	 0.6900
0.0000	 -16.2976	 262.4913	 169.5351	 1.0954	 80.7459	 0.0474	 0.6900
0.0000	 -15.4800	 229.2842	 171.7343	 1.0927	 80.8053	 0.0482	 0.6900
0.0000	 -15.5829	 164.0743	 171.4979	 1.0930	 80.7978	 0.0491	 0.6900
0.0000	 -15.8749	 71.3057	 170.7607	 1.0940	 80.7766	 0.0499	 0.6900
0.0000	 -16.3307	 1.2856	 169.5941	 1.0955	 80.7435	 0.0507	 0.6900
0.0000	 -16.9252	 0.0000	 168.0706	 1.0974	 80.7001	 0.0515	 0.6900
0.0000	 -17.6331	 0.0000	 166.2628	 1.0997	 80.6482	 0.0523	 0.6900
0.0000	 -18.4292	 0.0000	 164.2426	 1.1024	 80.5895	 0.0531	 0.6900
0.0000	 -19.2883	 0.0000	 162.0804	 1.1052	 80.5258	 0.0540	 0.6900
0.0000	 -20.1852	 0.0000	 159.8442	 1.1082	 80.4588	 0.0548	 0.6900
0.0000	 -21.0948	 0.0000	 157.5997	 1.1113	 80.3905	 0.0556	 0.6900
0.0000	 -21.9917	 0.0000	 155.4098	 1.1143	 80.3227	 0.0564	 0.6900
0.0000	 -22.8508	 0.0000	 162.6628	 1.1172	 80.2573	 0.0572	 2.0700
0.0000	 -23.6469	 0.0000	 160.6376	 1.1199	 80.1964	 0.0580	 2.0700
0.0000	 -24.3548	 0.0000	 158.8558	 1.1224	 80.1419	 0.0589	 2.0700
0.0000	 -24.9493	 0.0000	 157.3753	 1.1244	 80.0960	 0.0597	 2.0700
0.0000	 -25.4051	 0.0000	 156.2401	 1.1260	 80.0606	 0.0601	 2.0700
0.0000	 -25.6971	 0.0000	 155.4488	 1.1270	 80.0379	 0.0584	 2.0700
0.0000	 -25.8000	 0.0000	 155.1709	 1.1273	 80.0298	 0.0577	 2.0700
0.0000	 -25.2677	 0.4635	 156.6140	 1.1255	 80.0713	 0.0609	 2.0700
0.0000	 -23.8948	 57.0086	 160.1982	 1.1208	 80.1774	 0.0638	 2.0700
0.0000	 -22.0176	 138.6277	 165.0913	 1.1144	 80.3207	 0.0647	 2.0700
0.0000	 -19.9724	 196.6889	 170.5465	 1.1075	 80.4747	 0.0655	 2.0700
0.0000	 -18.0952	 227.2354	 175.6739	 1.1013	 80.6141	 0.0663	 2.0700
0.0000	 -16.7223	 228.1854	 179.5045	 1.0967	 80.7149	 0.0672	 2.0700
0.0000	 -16.1900	 199.4743	 181.0254	 1.0950	 80.7537	 0.0680	 2.0700
0.0000	 -16.2568	 143.0586	 180.8686	 1.0952	 80.7489	 0.0688	 2.0700
0.0000	 -16.4464	 62.7830	 180.3679	 1.0958	 80.7350	 0.0697	 2.0700
0.0000	 -16.7423	 1.2780	 179.5710	 1.0968	 80.7134	 0.0705	 2.0700
0.0000	 -17.1282	 0.0000	 178.5264	 1.0981	 80.6852	 0.0714	 2.0700
0.0000	 -17.5878	 0.0000	 177.2826	 1.0996	 80.6515	 0.0722	 2.0700
0.0000	 -18.1047	 0.0000	 175.8877	 1.1013	 80.6134	 0.0730	 2.0700
0.0000	 -18.6624	 0.0000	 174.3892	 1.1032	 80.5722	 0.0739	 2.0700
0.0000	 -19.2448	 0.0000	 172.8336	 1.1051	 80.5290	 0.0747	 2.0700
0.0000	 -19.8352	 0.0000	 171.2664	 1.1071	 80.4850	 0.0756	 2.0700
0.0000	 -20.4176	 0.0000	 169.7316	 1.1090	 80.4414	 0.0764	 2.0700
0.0969	 -20.9753	 0.0000	 185.3332	 1.1109	 80.3995	 0.0772	 1.9300
0.0969	 -21.4922	 0.0000	 183.8425	 1.1126	 80.3605	 0.0781	 1.9300
0.0969	 -21.9518	 0.0000	 182.5268	 1.1142	 80.3257	 0.0789	 1.9300
0.0969	 -22.3377	 0.0000	 181.4305	 1.1155	 80.2964	 0.0798	 1.9300
0.0969	 -22.6336	 0.0000	 180.5663	 1.1165	 80.2739	 0.0793	 1.9300
0.0969	 -22.8232	 0.0000	 179.9869	 1.1171	 80.2594	 0.0778	 1.9300
0.0969	 -22.8900	 0.0000	 179.7832	 1.1174	 80.2543	 0.0773	 1.9300
0.0969	 -22.3964	 0.3956	 181.2938	 1.1157	 80.2920	 0.0811	 1.9300
0.0969	 -21.1236	 41.7579	 185.1294	 1.1114	 80.3883	 0.0868	 1.9300
0.0969	 -19.3831	 100.6762	 190.3371	 1.1056	 80.5187	 0.0891	 1.9300
0.0969	 -17.4869	 142.6026	 196.1303	 1.0993	 80.6589	 0.0914	 1.9300
0.0969	 -15.7464	 164.6799	 201.5673	 1.0936	 80.7860	 0.0937	 1.9300
0.0969	 -14.4736	 165.4036	 205.6300	 1.0894	 80.8779	 0.0960	 1.9300
0.0969	 -13.9800	 144.7244	 207.2572	 1.0878	 80.9133	 0.0982	 1.9300
0.0969	 -14.0128	 104.0515	 207.2101	 1.0879	 80.9110	 0.1005	 1.9300
0.0969	 -14.1059	 46.1567	 206.9707	 1.0882	 80.9043	 0.1028	 1.9300
0.0969	 -14.2512	 1.0651	 206.5650	 1.0887	 80.8939	 0.1051	 1.9300
0.0969	 -14.4407	 0.0000	 206.0192	 1.0893	 80.8802	 0.1074	 1.9300
0.0969	 -14.6664	 0.0000	 205.3597	 1.0900	 80.8640	 0.1097	 1.9300
0.0969	 -14.9202	 0.0000	 204.6125	 1.0909	 80.8457	 0.1119	 1.9300
0.0969	 -15.1941	 0.0000	 203.8039	 1.0918	 80.8259	 0.1142	 1.9300
0.0969	 -15.4800	 0.0000	 202.9595	 1.0927	 80.8053	 0.1165	 1.9300
0.0969	 -15.7700	 0.0000	 202.1049	 1.0936	 80.7842	 0.1188	 1.9300
0.0969	 -16.0559	 0.0000	 201.2652	 1.0946	 80.7635	 0.1211	 1.9300
0.2271	 -16.3298	 0.0000	 208.1320	 1.0955	 80.7435	 0.1233	 3.1800
0.2271	 -16.5836	 0.0000	 207.3571	 1.0963	 80.7250	 0.1256	 3.1800
0.2271	 -16.8093	 0.0000	 206.6746	 1.0970	 80.7086	 0.1279	 3.1800
0.2271	 -16.9988	 0.0000	 206.1095	 1.0977	 80.6947	 0.1302	 3.1800
0.2271	 -17.1441	 0.0000	 205.6870	 1.0981	 80.6841	 0.1325	 3.1800
0.2271	 -17.2372	 0.0000	 205.4072	 1.0984	 80.6772	 0.1334	 3.1800
0.2271	 -17.2700	 0.0000	 205.2944	 1.0985	 80.6748	 0.1330	 3.1800
0.2271	 -16.8955	 0.3848	 206.5855	 1.0973	 80.7022	 0.1378	 3.1800
0.2271	 -15.9298	 35.2997	 209.7232	 1.0942	 80.7726	 0.1386	 3.1800
0.2271	 -14.6094	 84.3965	 214.0647	 1.0898	 80.8681	 0.1394	 3.1800
0.2271	 -13.1706	 119.3495	 218.8699	 1.0852	 80.9711	 0.1402	 3.1800
0.2271	 -11.8502	 137.7770	 223.3523	 1.0810	 81.0648	 0.1410	 3.1800
0.2271	 -10.8845	 138.4230	 226.6781	 1.0779	 81.1327	 0.1418	 3.1800
0.2271	 -10.5100	 121.2435	 227.9876	 1.0767	 81.1590	 0.1426	 3.1800
0.2271	 -10.5731	 87.4094	 227.7853	 1.0769	 81.1545	 0.1434	 3.1800
0.2271	 -10.7522	 39.2263	 227.1825	 1.0775	 81.1420	 0.1442	 3.1800
0.2271	 -11.0318	 1.0299	 226.2349	 1.0784	 81.1224	 0.1450	 3.1800
0.2271	 -11.3964	 0.0000	 224.9986	 1.0795	 81.0968	 0.1458	 3.1800
0.2271	 -11.8306	 0.0000	 223.5300	 1.0809	 81.0662	 0.1466	 3.1800
0.2271	 -12.3189	 0.0000	 221.8850	 1.0825	 81.0316	 0.1474	 3.1800
0.2271	 -12.8459	 0.0000	 220.1187	 1.0842	 80.9942	 0.1482	 3.1800
0.2271	 -13.3961	 0.0000	 218.2852	 1.0859	 80.9551	 0.1490	 3.1800
0.2271	 -13.9539	 0.0000	 216.4374	 1.0877	 80.9152	 0.1498	 3.1800
0.2271	 -14.5041	 0.0000	 214.6269	 1.0895	 80.8757	 0.1506	 3.1800
0.0896	 -15.0311	 0.0000	 196.9398	 1.0912	 80.8377	 0.1514	 5.6600
0.0896	 -15.5194	 0.0000	 195.4824	 1.0928	 80.8024	 0.1522	 5.6600
0.0896	 -15.9536	 0.0000	 194.1307	 1.0942	 80.7709	 0.1505	 5.6600
0.0896	 -16.3182	 0.0000	 192.9047	 1.0954	 80.7444	 0.1455	 5.6600
0.0896	 -16.5978	 0.0000	 191.9706	 1.0963	 80.7240	 0.1417	 5.6600
0.0896	 -16.7769	 0.0000	 191.3750	 1.0969	 80.7109	 0.1393	 5.6600
0.0896	 -16.8400	 0.0000	 191.1656	 1.0971	 80.7063	 0.1385	 5.6600
0.0896	 -16.1016	 0.7181	 193.6319	 1.0947	 80.7602	 0.1485	 5.6600
0.0896	 -14.1973	 51.3127	 199.4067	 1.0885	 80.8977	 0.1486	 5.6600
0.0896	 -11.5935	 120.6427	 207.4001	 1.0801	 81.0829	 0.1447	 5.6600
0.0896	 -8.7565	 169.9514	 216.3888	 1.0712	 81.2809	 0.1409	 5.6600
0.0896	 -6.1527	 195.8784	 224.8820	 1.0630	 81.4592	 0.1371	 5.6600
0.0896	 -4.2484	 196.6569	 231.2169	 1.0572	 81.5876	 0.1333	 5.6600
0.0896	 -3.5100	 172.2338	 233.6343	 1.0549	 81.6370	 0.1295	 5.6600
0.0896	 -3.7355	 124.2735	 232.7355	 1.0556	 81.6220	 0.1256	 5.6600
0.0896	 -4.3752	 56.0444	 230.4208	 1.0576	 81.5791	 0.1218	 5.6600
0.0896	 -5.3738	 1.5559	 226.9086	 1.0606	 81.5119	 0.1180	 5.6600
0.0896	 -6.6762	 0.0000	 222.4242	 1.0647	 81.4236	 0.1142	 5.6600
0.0896	 -8.2271	 0.0000	 217.1931	 1.0695	 81.3174	 0.1104	 5.6600
0.0896	 -9.9713	 0.0000	 211.4347	 1.0750	 81.1966	 0.1066	 5.6600
0.0896	 -11.8536	 0.0000	 205.3583	 1.0810	 81.0645	 0.1027	 5.6600
0.0896	 -13.8187	 0.0000	 199.1595	 1.0873	 80.9249	 0.0989	 5.6600
0.0896	 -15.8113	 0.0000	 193.0189	 1.0938	 80.7812	 0.0951	 5.6600
0.0896	 -17.7764	 0.0000	 187.1014	 1.1002	 80.6376	 0.0913	 5.6600
0.0208	 -19.6587	 0.0000	 180.6603	 1.1065	 80.4982	 0.0875	 2.1400
0.0208	 -21.4029	 0.0000	 175.6476	 1.1123	 80.3673	 0.0836	 2.1400
0.0208	 -22.9538	 0.0000	 171.1801	 1.1176	 80.2495	 0.0768	 2.1400
0.0208	 -24.2562	 0.0000	 167.3903	 1.1220	 80.1495	 0.0675	 2.1400
0.0208	 -25.2548	 0.0000	 164.5436	 1.1255	 80.0723	 0.0610	 2.1400
0.0208	 -25.8945	 0.0000	 162.7463	 1.1277	 80.0225	 0.0572	 2.1400
0.0208	 -26.1200	 0.0000	 162.1176	 1.1285	 80.0049	 0.0559	 2.1400
0.0208	 -25.3234	 0.8394	 164.3498	 1.1257	 80.0669	 0.0606	 2.1400
0.0208	 -23.2692	 53.6307	 169.8991	 1.1187	 80.2254	 0.0622	 2.1400
0.0208	 -20.4602	 125.1083	 177.6106	 1.1092	 80.4382	 0.0610	 2.1400
0.0208	 -17.3998	 175.9792	 186.3114	 1.0990	 80.6653	 0.0598	 2.1400
0.0208	 -14.5908	 202.7765	 194.5713	 1.0898	 80.8694	 0.0586	 2.1400
0.0208	 -12.5366	 203.6741	 200.7727	 1.0832	 81.0162	 0.0574	 2.1400
0.0208	 -11.7400	 178.6108	 203.1916	 1.0806	 81.0726	 0.0562	 2.1400
0.0208	 -11.9406	 129.2946	 202.5292	 1.0813	 81.0584	 0.0551	 2.1400
0.0208	 -12.5095	 59.0864	 200.7337	 1.0831	 81.0181	 0.0539	 2.1400
0.0208	 -13.3978	 1.8783	 197.9771	 1.0859	 80.9549	 0.0527	 2.1400
0.0208	 -14.5561	 0.0000	 194.4369	 1.0897	 80.8719	 0.0515	 2.1400
0.0208	 -15.9356	 0.0000	 190.2908	 1.0942	 80.7722	 0.0503	 2.1400
0.0208	 -17.4869	 0.0000	 185.7123	 1.0993	 80.6589	 0.0491	 2.1400
0.0208	 -19.1610	 0.0000	 180.8676	 1.1048	 80.5352	 0.0479	 2.1400
0.0208	 -20.9088	 0.0000	 175.9131	 1.1107	 80.4045	 0.0467	 2.1400
0.0208	 -22.6812	 0.0000	 170.9940	 1.1167	 80.2703	 0.0456	 2.1400
0.0208	 -24.4290	 0.0000	 166.2443	 1.1226	 80.1362	 0.0444	 2.1400
0.0000	 -26.1031	 0.0000	 144.7619	 1.1284	 80.0062	 0.0432	 0.3700
0.0000	 -27.6544	 0.0000	 141.1235	 1.1338	 79.8843	 0.0420	 0.3700
0.0000	 -29.0339	 0.0000	 137.9410	 1.1386	 79.7747	 0.0408	 0.3700
0.0000	 -30.1922	 0.0000	 135.1885	 1.1427	 79.6818	 0.0367	 0.3700
0.0000	 -31.0805	 0.0000	 133.0995	 1.1459	 79.6101	 0.0334	 0.3700
0.0000	 -31.6494	 0.0000	 131.7791	 1.1479	 79.5639	 0.0315	 0.3700
0.0000	 -31.8500	 0.0000	 131.3168	 1.1486	 79.5475	 0.0308	 0.3700
0.0000	 -31.0158	 1.4295	 133.2505	 1.1457	 79.6153	 0.0336	 0.3700
0.0000	 -28.8643	 74.5373	 138.1486	 1.1380	 79.7882	 0.0364	 0.3700
0.0000	 -25.9226	 171.1551	 144.9131	 1.1278	 80.0203	 0.0366	 0.3700
0.0000	 -22.7174	 239.8658	 152.5623	 1.1168	 80.2675	 0.0367	 0.3700
0.0000	 -19.7757	 275.9870	 159.8462	 1.1069	 80.4894	 0.0369	 0.3700
0.0000	 -17.6242	 277.0570	 165.3382	 1.0997	 80.6488	 0.0371	 0.3700
0.0000	 -16.7900	 243.0029	 167.5102	 1.0970	 80.7100	 0.0372	 0.3700
0.0000	 -16.9285	 176.1454	 167.1571	 1.0974	 80.6998	 0.0374	 0.3700
0.0000	 -17.3215	 81.0408	 166.1443	 1.0987	 80.6710	 0.0376	 0.3700
0.0000	 -17.9350	 2.7601	 164.5681	 1.1007	 80.6259	 0.0378	 0.3700
0.0000	 -18.7351	 0.0000	 162.5270	 1.1034	 80.5668	 0.0379	 0.3700
0.0000	 -19.6879	 0.0000	 160.1199	 1.1066	 80.4960	 0.0381	 0.3700
0.0000	 -20.7594	 0.0000	 157.4439	 1.1102	 80.4157	 0.0383	 0.3700
0.0000	 -21.9157	 0.0000	 154.5933	 1.1141	 80.3285	 0.0384	 0.3700
0.0000	 -23.1229	 0.0000	 151.6583	 1.1182	 80.2365	 0.0386	 0.3700
0.0000	 -24.3471	 0.0000	 148.7249	 1.1223	 80.1425	 0.0388	 0.3700
0.0000	 -25.5543	 0.0000	 145.8740	 1.1265	 80.0490	 0.0389	 0.3700
0.0000	 -26.7106	 0.0000	 144.1563	 1.1305	 79.9586	 0.0391	 0.3700
0.0000	 -27.7821	 0.0000	 141.6789	 1.1342	 79.8742	 0.0393	 0.3700
0.0000	 -28.7349	 0.0000	 139.5036	 1.1376	 79.7986	 0.0394	 0.3700
0.0000	 -29.5350	 0.0000	 137.6862	 1.1404	 79.7346	 0.0393	 0.3700
0.0000	 -30.1485	 0.0000	 136.2141	 1.1426	 79.6854	 0.0369	 0.3700
0.0000	 -30.5415	 0.0000	 135.2798	 1.1440	 79.6537	 0.0354	 0.3700
0.0000	 -30.6800	 0.0000	 134.9520	 1.1445	 79.6425	 0.0349	 0.3700
0.0000	 -29.9078	 1.5718	 136.7896	 1.1417	 79.7047	 0.0378	 0.3700
0.0000	 -27.9164	 74.7169	 141.4679	 1.1347	 79.8636	 0.0418	 0.3700
0.0000	 -25.1934	 170.3122	 147.8712	 1.1253	 80.0770	 0.0426	 0.3700
0.0000	 -22.2266	 238.3577	 155.0896	 1.1151	 80.3049	 0.0434	 0.3700
0.0000	 -19.5036	 274.2162	 161.9473	 1.1060	 80.5097	 0.0442	 0.3700
0.0000	 -17.5122	 275.4439	 167.1146	 1.0993	 80.6571	 0.0451	 0.3700
0.0000	 -16.7400	 241.9572	 169.1736	 1.0968	 80.7136	 0.0459	 0.3700
0.0000	 -16.8378	 176.0381	 168.9530	 1.0971	 80.7065	 0.0467	 0.3700
0.0000	 -17.1154	 82.1790	 168.2610	 1.0980	 80.6862	 0.0475	 0.3700
0.0000	 -17.5487	 3.2093	 167.1645	 1.0995	 80.6544	 0.0484	 0.3700
0.0000	 -18.1138	 0.0000	 165.7315	 1.1013	 80.6128	 0.0492	 0.3700
0.0000	 -18.7867	 0.0000	 164.0303	 1.1036	 80.5630	 0.0500	 0.3700
0.0000	 -19.5434	 0.0000	 162.1282	 1.1061	 80.5068	 0.0509	 0.3700
0.0000	 -20.3601	 0.0000	 160.0913	 1.1088	 80.4457	 0.0517	 0.3700
0.0000	 -21.2127	 0.0000	 157.9836	 1.1117	 80.3816	 0.0525	 0.3700
0.0000	 -22.0773	 0.0000	 155.8671	 1.1146	 80.3162	 0.0533	 0.3700
0.0000	 -22.9299	 0.0000	 153.8011	 1.1175	 80.2513	 0.0542	 0.3700
