0.2896	 -14.7110	 0.0000	 210.2646	 1.0794	 80.0603	 0.1448	 4.5800
0.2896	 -15.2641	 0.0000	 208.4768	 1.0811	 80.0190	 0.1448	 4.5800
0.2896	 -15.7559	 0.0000	 206.8967	 1.0827	 79.9822	 0.1448	 4.5800
0.2896	 -16.1689	 0.0000	 205.5767	 1.0840	 79.9511	 0.1448	 4.5800
0.2896	 -16.4856	 0.0000	 204.5355	 1.0850	 79.9273	 0.1432	 4.5800
0.2896	 -16.6885	 0.0000	 203.8366	 1.0857	 79.9119	 0.1405	 4.5800
0.2896	 -16.7600	 0.0000	 203.5909	 1.0859	 79.9065	 0.1396	 4.5800
0.2896	 -16.3628	 0.0948	 204.8970	 1.0847	 79.9365	 0.1418	 4.5800
0.2896	 -15.3385	 34.0855	 208.1106	 1.0814	 80.0135	 0.1388	 4.5800
0.2896	 -13.9380	 86.8131	 212.5888	 1.0769	 80.1178	 0.1357	 4.5800
0.2896	 -12.4120	 124.3647	 217.5553	 1.0721	 80.2303	 0.1327	 4.5800
0.2896	 -11.0115	 144.1815	 222.1836	 1.0678	 80.3325	 0.1297	 4.5800
0.2896	 -9.9872	 144.9128	 225.5958	 1.0646	 80.4067	 0.1266	 4.5800
0.2896	 -9.5900	 126.5089	 226.8865	 1.0634	 80.4353	 0.1236	 4.5800
0.2896	 -9.7427	 90.2239	 226.2925	 1.0638	 80.4243	 0.1205	 4.5800
0.2896	 -10.1758	 38.5306	 224.7420	 1.0652	 80.3931	 0.1175	 4.5800
0.2896	 -10.8521	 0.5456	 222.3761	 1.0673	 80.3441	 0.1145	 4.5800
0.2896	 -11.7340	 0.0000	 219.3395	 1.0700	 80.2799	 0.1114	 4.5800
0.2896	 -12.7841	 0.0000	 215.7771	 1.0733	 80.2030	 0.1084	 4.5800
0.2896	 -13.9652	 0.0000	 211.8309	 1.0770	 80.1158	 0.1054	 4.5800
0.2896	 -15.2397	 0.0000	 207.6383	 1.0811	 80.0209	 0.1023	 4.5800
0.2896	 -16.5703	 0.0000	 203.3307	 1.0853	 79.9209	 0.0993	 4.5800
0.2896	 -17.9197	 0.0000	 199.0319	 1.0897	 79.8185	 0.0963	 4.5800
0.2896	 -19.2503	 0.0000	 194.8585	 1.0940	 79.7166	 0.0932	 4.5800
0.0000	 -20.5248	 0.0000	 160.8724	 1.0981	 79.6181	 0.0902	 2.6000
0.0000	 -21.7059	 0.0000	 157.7752	 1.1020	 79.5260	 0.0868	 2.6000
0.0000	 -22.7560	 0.0000	 154.8502	 1.1055	 79.4435	 0.0783	 2.6000
0.0000	 -23.6379	 0.0000	 152.4431	 1.1084	 79.3737	 0.0717	 2.6000
0.0000	 -24.3142	 0.0000	 150.6269	 1.1107	 79.3198	 0.0671	 2.6000
0.0000	 -24.7473	 0.0000	 149.4766	 1.1121	 79.2852	 0.0642	 2.6000
0.0000	 -24.9000	 0.0000	 149.0735	 1.1126	 79.2730	 0.0632	 2.6000
0.0000	 -24.1599	 0.2237	 151.0389	 1.1102	 79.3321	 0.0681	 2.6000
0.0000	 -22.2514	 61.2310	 155.7520	 1.1038	 79.4832	 0.0694	 2.6000
0.0000	 -19.6417	 154.4624	 162.2525	 1.0952	 79.6864	 0.0681	 2.6000
0.0000	 -16.7983	 220.8585	 169.5689	 1.0860	 79.9036	 0.0668	 2.6000
0.0000	 -14.1886	 255.8944	 176.4941	 1.0777	 80.0992	 0.0655	 2.6000
0.0000	 -12.2801	 257.1826	 181.6756	 1.0717	 80.2400	 0.0642	 2.6000
0.0000	 -11.5400	 224.6353	 183.6790	 1.0694	 80.2941	 0.0629	 2.6000
0.0000	 -11.7312	 160.4705	 183.0860	 1.0700	 80.2801	 0.0616	 2.6000
0.0000	 -12.2736	 69.0609	 181.5185	 1.0717	 80.2405	 0.0603	 2.6000
0.0000	 -13.1203	 1.0888	 179.1240	 1.0744	 80.1782	 0.0590	 2.6000
0.0000	 -14.2245	 0.0000	 176.0541	 1.0778	 80.0965	 0.0577	 2.6000
0.0000	 -15.5394	 0.0000	 172.4609	 1.0820	 79.9984	 0.0564	 2.6000
0.0000	 -17.0183	 0.0000	 168.4927	 1.0868	 79.8870	 0.0551	 2.6000
0.0000	 -18.6141	 0.0000	 164.2919	 1.0919	 79.7654	 0.0538	 2.6000
0.0000	 -20.2802	 0.0000	 159.9928	 1.0973	 79.6371	 0.0525	 2.6000
0.0000	 -21.9698	 0.0000	 155.7206	 1.1029	 79.5053	 0.0512	 2.6000
0.0000	 -23.6359	 0.0000	 151.5912	 1.1084	 79.3738	 0.0499	 2.6000
0.0000	 -25.2317	 0.0000	 146.3265	 1.1138	 79.2464	 0.0486	 0.7400
0.0000	 -26.7106	 0.0000	 142.8260	 1.1187	 79.1270	 0.0473	 0.7400
0.0000	 -28.0255	 0.0000	 139.7603	 1.1232	 79.0197	 0.0460	 0.7400
0.0000	 -29.1297	 0.0000	 137.0715	 1.1270	 78.9289	 0.0410	 0.7400
0.0000	 -29.9764	 0.0000	 135.0475	 1.1299	 78.8587	 0.0375	 0.7400
0.0000	 -30.5188	 0.0000	 133.7678	 1.1318	 78.8135	 0.0355	 0.7400
0.0000	 -30.7100	 0.0000	 133.3197	 1.1325	 78.7975	 0.0347	 0.7400
0.0000	 -29.8708	 0.2955	 135.2983	 1.1296	 78.8675	 0.0380	 0.7400
0.0000	 -27.7065	 63.8436	 140.3538	 1.1221	 79.0458	 0.0427	 0.7400
0.0000	 -24.7472	 159.5530	 147.2632	 1.1121	 79.2852	 0.0436	 0.7400
0.0000	 -21.5228	 227.7204	 155.0749	 1.1014	 79.5403	 0.0445	 0.7400
0.0000	 -18.5635	 263.7004	 162.5177	 1.0917	 79.7693	 0.0454	 0.7400
0.0000	 -16.3992	 265.0409	 168.1395	 1.0848	 79.9338	 0.0463	 0.7400
0.0000	 -15.5600	 231.6506	 170.3841	 1.0821	 79.9969	 0.0473	 0.7400
0.0000	 -15.6599	 165.8050	 170.1631	 1.0824	 79.9894	 0.0482	 0.7400
0.0000	 -15.9434	 71.9914	 169.4595	 1.0833	 79.9681	 0.0491	 0.7400
0.0000	 -16.3860	 1.2763	 168.3417	 1.0847	 79.9348	 0.0500	 0.7400
0.0000	 -16.9632	 0.0000	 166.8796	 1.0866	 79.8912	 0.0510	 0.7400
0.0000	 -17.6505	 0.0000	 165.1429	 1.0888	 79.8390	 0.0519	 0.7400
0.0000	 -18.4234	 0.0000	 163.2008	 1.0913	 79.7800	 0.0528	 0.7400
0.0000	 -19.2576	 0.0000	 161.1209	 1.0940	 79.7160	 0.0537	 0.7400
0.0000	 -20.1285	 0.0000	 158.9689	 1.0968	 79.6488	 0.0547	 0.7400
0.0000	 -21.0115	 0.0000	 156.8080	 1.0997	 79.5802	 0.0556	 0.7400
0.0000	 -21.8824	 0.0000	 154.6990	 1.1026	 79.5122	 0.0565	 0.7400
0.0000	 -22.7166	 0.0000	 163.4561	 1.1054	 79.4466	 0.0574	 2.0900
0.0000	 -23.4895	 0.0000	 161.4850	 1.1079	 79.3854	 0.0584	 2.0900
0.0000	 -24.1768	 0.0000	 159.7508	 1.1102	 79.3308	 0.0593	 2.0900
0.0000	 -24.7540	 0.0000	 158.3102	 1.1121	 79.2847	 0.0602	 2.0900
0.0000	 -25.1966	 0.0000	 157.2192	 1.1136	 79.2492	 0.0611	 2.0900
0.0000	 -25.4801	 0.0000	 156.4549	 1.1146	 79.2264	 0.0596	 2.0900
0.0000	 -25.5800	 0.0000	 156.1834	 1.1149	 79.2184	 0.0590	 2.0900
0.0000	 -25.0881	 0.3133	 157.5245	 1.1133	 79.2579	 0.0621	 2.0900
0.0000	 -23.8195	 54.9437	 160.8527	 1.1090	 79.3592	 0.0648	 2.0900
0.0000	 -22.0850	 136.0624	 165.3915	 1.1033	 79.4963	 0.0657	 2.0900
0.0000	 -20.1950	 193.8506	 170.4425	 1.0970	 79.6437	 0.0666	 2.0900
0.0000	 -18.4605	 224.3700	 175.1820	 1.0914	 79.7772	 0.0675	 2.0900
0.0000	 -17.1919	 225.5408	 178.7190	 1.0873	 79.8738	 0.0684	 2.0900
0.0000	 -16.7000	 197.2832	 180.1250	 1.0857	 79.9111	 0.0693	 2.0900
0.0000	 -16.7580	 141.5229	 179.9954	 1.0859	 79.9067	 0.0702	 2.0900
0.0000	 -16.9227	 62.0599	 179.5677	 1.0864	 79.8942	 0.0712	 2.0900
0.0000	 -17.1798	 1.2455	 178.8832	 1.0873	 79.8748	 0.0721	 2.0900
0.0000	 -17.5150	 0.0000	 177.9836	 1.0884	 79.8493	 0.0730	 2.0900
0.0000	 -17.9142	 0.0000	 176.9105	 1.0896	 79.8189	 0.0739	 2.0900
0.0000	 -18.3632	 0.0000	 175.7053	 1.0911	 79.7846	 0.0748	 2.0900
0.0000	 -18.8477	 0.0000	 174.4091	 1.0927	 79.7475	 0.0757	 2.0900
0.0000	 -19.3535	 0.0000	 173.0620	 1.0943	 79.7087	 0.0766	 2.0900
0.0000	 -19.8665	 0.0000	 171.7034	 1.0960	 79.6691	 0.0775	 2.0900
0.0000	 -20.3723	 0.0000	 170.3719	 1.0976	 79.6299	 0.0784	 2.0900
0.1948	 -20.8568	 0.0000	 185.6212	 1.0992	 79.5923	 0.0794	 1.9000
0.1948	 -21.3058	 0.0000	 184.3289	 1.1007	 79.5573	 0.0803	 1.9000
0.1948	 -21.7050	 0.0000	 183.1877	 1.1020	 79.5261	 0.0812	 1.9000
0.1948	 -22.0402	 0.0000	 182.2370	 1.1031	 79.4998	 0.0821	 1.9000
0.1948	 -22.2973	 0.0000	 181.4903	 1.1040	 79.4796	 0.0819	 1.9000
0.1948	 -22.4620	 0.0000	 180.9843	 1.1045	 79.4666	 0.0806	 1.9000
0.1948	 -22.5200	 0.0000	 180.8062	 1.1047	 79.4621	 0.0802	 1.9000
0.1948	 -22.0552	 0.2790	 182.2368	 1.1032	 79.4986	 0.0839	 1.9000
0.1948	 -20.8567	 40.6098	 185.8543	 1.0992	 79.5923	 0.0890	 1.9000
0.1948	 -19.2178	 99.6731	 190.7677	 1.0939	 79.7191	 0.0911	 1.9000
0.1948	 -17.4322	 141.7634	 196.2265	 1.0881	 79.8556	 0.0932	 1.9000
0.1948	 -15.7933	 164.0125	 201.3433	 1.0828	 79.9794	 0.0954	 1.9000
0.1948	 -14.5948	 164.9041	 205.1624	 1.0790	 80.0690	 0.0975	 1.9000
0.1948	 -14.1300	 144.3773	 206.6905	 1.0775	 80.1035	 0.0996	 1.9000
0.1948	 -14.1607	 103.8312	 206.6459	 1.0776	 80.1013	 0.1017	 1.9000
0.1948	 -14.2479	 46.0288	 206.4216	 1.0779	 80.0948	 0.1038	 1.9000
0.1948	 -14.3839	 1.0498	 206.0419	 1.0784	 80.0847	 0.1059	 1.9000
0.1948	 -14.5613	 0.0000	 205.5314	 1.0789	 80.0715	 0.1080	 1.9000
0.1948	 -14.7726	 0.0000	 204.9145	 1.0796	 80.0557	 0.1101	 1.9000
0.1948	 -15.0102	 0.0000	 204.2158	 1.0803	 80.0380	 0.1122	 1.9000
0.1948	 -15.2666	 0.0000	 203.4593	 1.0812	 80.0189	 0.1143	 1.9000
0.1948	 -15.5343	 0.0000	 202.6694	 1.0820	 79.9988	 0.1164	 1.9000
0.1948	 -15.8057	 0.0000	 201.8697	 1.0829	 79.9784	 0.1186	 1.9000
0.1948	 -16.0734	 0.0000	 201.0840	 1.0837	 79.9583	 0.1207	 1.9000
0.3604	 -16.3298	 0.0000	 212.6603	 1.0845	 79.9390	 0.1228	 3.2200
0.3604	 -16.5674	 0.0000	 211.9125	 1.0853	 79.9211	 0.1249	 3.2200
0.3604	 -16.7787	 0.0000	 211.2530	 1.0860	 79.9051	 0.1270	 3.2200
0.3604	 -16.9561	 0.0000	 210.7060	 1.0866	 79.8917	 0.1291	 3.2200
0.3604	 -17.0921	 0.0000	 210.2954	 1.0870	 79.8814	 0.1312	 3.2200
0.3604	 -17.1793	 0.0000	 210.0453	 1.0873	 79.8748	 0.1333	 3.2200
0.3604	 -17.2100	 0.0000	 209.9524	 1.0874	 79.8725	 0.1338	 3.2200
0.3604	 -16.9109	 0.2456	 210.9757	 1.0864	 79.8951	 0.1363	 3.2200
0.3604	 -16.1394	 30.2235	 213.5361	 1.0839	 79.9533	 0.1372	 3.2200
0.3604	 -15.0846	 73.5377	 217.0690	 1.0806	 80.0325	 0.1381	 3.2200
0.3604	 -13.9354	 104.4189	 220.9666	 1.0769	 80.1180	 0.1390	 3.2200
0.3604	 -12.8806	 120.7627	 224.5912	 1.0736	 80.1959	 0.1399	 3.2200
0.3604	 -12.1091	 121.4552	 227.2743	 1.0712	 80.2525	 0.1408	 3.2200
0.3604	 -11.8100	 106.4492	 228.3309	 1.0703	 80.2744	 0.1417	 3.2200
0.3604	 -11.8571	 76.7675	 228.1827	 1.0704	 80.2709	 0.1426	 3.2200
0.3604	 -11.9906	 34.4326	 227.7336	 1.0708	 80.2612	 0.1435	 3.2200
0.3604	 -12.1991	 0.8953	 227.0251	 1.0715	 80.2459	 0.1444	 3.2200
0.3604	 -12.4710	 0.0000	 226.0987	 1.0723	 80.2260	 0.1453	 3.2200
0.3604	 -12.7947	 0.0000	 224.9962	 1.0733	 80.2022	 0.1462	 3.2200
0.3604	 -13.1588	 0.0000	 223.7592	 1.0745	 80.1754	 0.1471	 3.2200
0.3604	 -13.5518	 0.0000	 222.4287	 1.0757	 80.1464	 0.1480	 3.2200
0.3604	 -13.9620	 0.0000	 221.0453	 1.0770	 80.1160	 0.1489	 3.2200
0.3604	 -14.3780	 0.0000	 219.6489	 1.0783	 80.0851	 0.1498	 3.2200
0.3604	 -14.7882	 0.0000	 218.2784	 1.0796	 80.0546	 0.1507	 3.2200
0.1302	 -15.1812	 0.0000	 197.8502	 1.0809	 80.0252	 0.1517	 5.8200
0.1302	 -15.5453	 0.0000	 196.7643	 1.0820	 79.9980	 0.1526	 5.8200
0.1302	 -15.8690	 0.0000	 195.7606	 1.0831	 79.9737	 0.1517	 5.8200
0.1302	 -16.1409	 0.0000	 194.8408	 1.0839	 79.9532	 0.1479	 5.8200
0.1302	 -16.3494	 0.0000	 194.1388	 1.0846	 79.9375	 0.1451	 5.8200
0.1302	 -16.4829	 0.0000	 193.6906	 1.0850	 79.9275	 0.1432	 5.8200
0.1302	 -16.5300	 0.0000	 193.5329	 1.0852	 79.9239	 0.1426	 5.8200
0.1302	 -15.8969	 0.5300	 195.6662	 1.0832	 79.9716	 0.1513	 5.8200
0.1302	 -14.2640	 48.6207	 200.6143	 1.0780	 80.0936	 0.1497	 5.8200
0.1302	 -12.0313	 116.2595	 207.4906	 1.0710	 80.2582	 0.1461	 5.8200
0.1302	 -9.5987	 164.4362	 215.1901	 1.0634	 80.4347	 0.1424	 5.8200
0.1302	 -7.3660	 189.8676	 222.4338	 1.0566	 80.5940	 0.1387	 5.8200
0.1302	 -5.7331	 190.8206	 227.8157	 1.0516	 80.7091	 0.1351	 5.8200
0.1302	 -5.1000	 167.2302	 229.8604	 1.0497	 80.7533	 0.1314	 5.8200
0.1302	 -5.3017	 120.7042	 229.0610	 1.0503	 80.7393	 0.1277	 5.8200
0.1302	 -5.8737	 54.4131	 227.0072	 1.0520	 80.6992	 0.1241	 5.8200
0.1302	 -6.7668	 1.4981	 223.8898	 1.0547	 80.6364	 0.1204	 5.8200
0.1302	 -7.9315	 0.0000	 219.9054	 1.0583	 80.5539	 0.1167	 5.8200
0.1302	 -9.3185	 0.0000	 215.2504	 1.0625	 80.4548	 0.1131	 5.8200
0.1302	 -10.8783	 0.0000	 210.1168	 1.0674	 80.3422	 0.1094	 5.8200
0.1302	 -12.5616	 0.0000	 204.6882	 1.0726	 80.2193	 0.1057	 5.8200
0.1302	 -14.3190	 0.0000	 199.1378	 1.0781	 80.0895	 0.1021	 5.8200
0.1302	 -16.1010	 0.0000	 193.6263	 1.0838	 79.9562	 0.0984	 5.8200
0.1302	 -17.8584	 0.0000	 188.3020	 1.0895	 79.8232	 0.0947	 5.8200
0.0344	 -19.5417	 0.0000	 181.2002	 1.0949	 79.6942	 0.0911	 2.1100
0.0344	 -21.1015	 0.0000	 176.6955	 1.1000	 79.5732	 0.0874	 2.1100
0.0344	 -22.4885	 0.0000	 172.6554	 1.1046	 79.4646	 0.0804	 2.1100
0.0344	 -23.6532	 0.0000	 169.2319	 1.1085	 79.3725	 0.0716	 2.1100
0.0344	 -24.5463	 0.0000	 166.6551	 1.1115	 79.3013	 0.0655	 2.1100
0.0344	 -25.1183	 0.0000	 165.0260	 1.1134	 79.2555	 0.0619	 2.1100
0.0344	 -25.3200	 0.0000	 164.4556	 1.1141	 79.2393	 0.0606	 2.1100
0.0344	 -24.5805	 0.6454	 166.5572	 1.1116	 79.2986	 0.0653	 2.1100
0.0344	 -22.6734	 52.0219	 171.7415	 1.1052	 79.4500	 0.0663	 2.1100
0.0344	 -20.0656	 123.3834	 178.9429	 1.0966	 79.6537	 0.0649	 2.1100
0.0344	 -17.2244	 174.2468	 187.0480	 1.0874	 79.8714	 0.0635	 2.1100
0.0344	 -14.6166	 201.1459	 194.7222	 1.0791	 80.0674	 0.0621	 2.1100
0.0344	 -12.7095	 202.2475	 200.4696	 1.0731	 80.2085	 0.0607	 2.1100
0.0344	 -11.9700	 177.4767	 202.7029	 1.0708	 80.2627	 0.0593	 2.1100
0.0344	 -12.1685	 128.5214	 202.0415	 1.0714	 80.2482	 0.0579	 2.1100
0.0344	 -12.7315	 58.7179	 200.2605	 1.0731	 80.2068	 0.0565	 2.1100
0.0344	 -13.6104	 1.8545	 197.5299	 1.0759	 80.1420	 0.0551	 2.1100
0.0344	 -14.7567	 0.0000	 194.0249	 1.0795	 80.0569	 0.0537	 2.1100
0.0344	 -16.1217	 0.0000	 189.9207	 1.0839	 79.9547	 0.0523	 2.1100
0.0344	 -17.6569	 0.0000	 185.3888	 1.0888	 79.8385	 0.0509	 2.1100
0.0344	 -19.3135	 0.0000	 180.5930	 1.0942	 79.7117	 0.0495	 2.1100
0.0344	 -21.0431	 0.0000	 175.6879	 1.0998	 79.5778	 0.0482	 2.1100
0.0344	 -22.7969	 0.0000	 170.8170	 1.1056	 79.4402	 0.0468	 2.1100
0.0344	 -24.5265	 0.0000	 166.1129	 1.1114	 79.3029	 0.0454	 2.1100
0.0000	 -26.1831	 0.0000	 144.5196	 1.1170	 79.1697	 0.0440	 0.3500
0.0000	 -27.7183	 0.0000	 140.9152	 1.1222	 79.0449	 0.0426	 0.3500
0.0000	 -29.0833	 0.0000	 137.7611	 1.1269	 78.9327	 0.0412	 0.3500
0.0000	 -30.2296	 0.0000	 135.0180	 1.1308	 78.8376	 0.0366	 0.3500
0.0000	 -31.1085	 0.0000	 132.9531	 1.1339	 78.7642	 0.0333	 0.3500
0.0000	 -31.6715	 0.0000	 131.6477	 1.1358	 78.7168	 0.0314	 0.3500
0.0000	 -31.8700	 0.0000	 131.1907	 1.1365	 78.7001	 0.0307	 0.3500
0.0000	 -31.0817	 1.1368	 133.0155	 1.1338	 78.7664	 0.0334	 0.3500
0.0000	 -29.0489	 72.6401	 137.6373	 1.1267	 78.9355	 0.0361	 0.3500
0.0000	 -26.2693	 169.4858	 144.0076	 1.1173	 79.1628	 0.0364	 0.3500
0.0000	 -23.2407	 238.4618	 151.1964	 1.1071	 79.4052	 0.0366	 0.3500
0.0000	 -20.4611	 274.8675	 158.0291	 1.0979	 79.6230	 0.0368	 0.3500
0.0000	 -18.4283	 276.2219	 163.1738	 1.0913	 79.7797	 0.0371	 0.3500
0.0000	 -17.6400	 242.4328	 165.2090	 1.0888	 79.8398	 0.0373	 0.3500
0.0000	 -17.7661	 175.8028	 164.8953	 1.0892	 79.8302	 0.0376	 0.3500
0.0000	 -18.1237	 80.8727	 163.9872	 1.0903	 79.8029	 0.0378	 0.3500
0.0000	 -18.6820	 2.7405	 162.5708	 1.0921	 79.7602	 0.0381	 0.3500
0.0000	 -19.4101	 0.0000	 160.7340	 1.0945	 79.7043	 0.0383	 0.3500
0.0000	 -20.2771	 0.0000	 158.5650	 1.0973	 79.6373	 0.0386	 0.3500
0.0000	 -21.2522	 0.0000	 156.1507	 1.1005	 79.5615	 0.0388	 0.3500
0.0000	 -22.3044	 0.0000	 153.5754	 1.1040	 79.4790	 0.0391	 0.3500
0.0000	 -23.4030	 0.0000	 150.9204	 1.1076	 79.3923	 0.0393	 0.3500
0.0000	 -24.5170	 0.0000	 148.2632	 1.1114	 79.3037	 0.0395	 0.3500
0.0000	 -25.6156	 0.0000	 145.6775	 1.1150	 79.2155	 0.0398	 0.3500
0.0000	 -26.6678	 0.0000	 144.0403	 1.1186	 79.1305	 0.0400	 0.4200
0.0000	 -27.6429	 0.0000	 141.7905	 1.1219	 79.0510	 0.0403	 0.4200
0.0000	 -28.5099	 0.0000	 139.8133	 1.1249	 78.9800	 0.0405	 0.4200
0.0000	 -29.2380	 0.0000	 138.1617	 1.1274	 78.9199	 0.0406	 0.4200
0.0000	 -29.7963	 0.0000	 136.8158	 1.1293	 78.8736	 0.0383	 0.4200
0.0000	 -30.1539	 0.0000	 135.9610	 1.1305	 78.8439	 0.0368	 0.4200
0.0000	 -30.2800	 0.0000	 135.6610	 1.1310	 78.8334	 0.0364	 0.4200
0.0000	 -29.5427	 1.2688	 137.4255	 1.1284	 78.8947	 0.0393	 0.4200
0.0000	 -27.6413	 73.0287	 141.8967	 1.1219	 79.0512	 0.0429	 0.4200
0.0000	 -25.0414	 169.0982	 148.0129	 1.1131	 79.2617	 0.0436	 0.4200
0.0000	 -22.2086	 237.5842	 154.8970	 1.1037	 79.4866	 0.0443	 0.4200
0.0000	 -19.6087	 273.8196	 161.4265	 1.0951	 79.6890	 0.0449	 0.4200
0.0000	 -17.7073	 275.3350	 166.3391	 1.0890	 79.8347	 0.0456	 0.4200
0.0000	 -16.9700	 242.0270	 168.2924	 1.0866	 79.8906	 0.0463	 0.4200
0.0000	 -17.0677	 176.1656	 168.0668	 1.0869	 79.8832	 0.0470	 0.4200
0.0000	 -17.3450	 82.2392	 167.3725	 1.0878	 79.8622	 0.0477	 0.4200
0.0000	 -17.7779	 3.2006	 166.2760	 1.0892	 79.8293	 0.0484	 0.4200
0.0000	 -18.3424	 0.0000	 164.8450	 1.0910	 79.7862	 0.0490	 0.4200
0.0000	 -19.0146	 0.0000	 163.1472	 1.0932	 79.7347	 0.0497	 0.4200
0.0000	 -19.7706	 0.0000	 161.2499	 1.0957	 79.6765	 0.0504	 0.4200
0.0000	 -20.5864	 0.0000	 159.2186	 1.0983	 79.6133	 0.0511	 0.4200
0.0000	 -21.4381	 0.0000	 157.1171	 1.1011	 79.5469	 0.0518	 0.4200
0.0000	 -22.3019	 0.0000	 155.0069	 1.1040	 79.4792	 0.0525	 0.4200
0.0000	 -23.1536	 0.0000	 152.9471	 1.1068	 79.4121	 0.0532	 0.4200
