0.5625	 -11.0953	 0.0000	 223.5105	 1.0826	 81.4238	 0.2043	 4.5900
0.5625	 -11.5852	 0.0000	 221.8516	 1.0842	 81.3898	 0.2043	 4.5900
0.5625	 -12.0208	 0.0000	 220.3843	 1.0856	 81.3595	 0.2043	 4.5900
0.5625	 -12.3865	 0.0000	 219.1577	 1.0868	 81.3339	 0.2043	 4.5900
0.5625	 -12.6670	 0.0000	 218.2114	 1.0877	 81.3143	 0.2038	 4.5900
0.5625	 -12.8467	 0.0000	 217.5477	 1.0883	 81.3017	 0.2005	 4.5900
0.5625	 -12.9100	 0.0000	 217.3143	 1.0885	 81.2973	 0.1994	 4.5900
0.5625	 -12.5583	 0.0449	 218.5056	 1.0873	 81.3219	 0.2003	 4.5900
0.5625	 -11.6511	 32.9044	 221.4708	 1.0844	 81.3852	 0.1964	 4.5900
0.5625	 -10.4107	 85.5862	 225.6028	 1.0804	 81.4711	 0.1924	 4.5900
0.5625	 -9.0593	 123.2847	 230.1770	 1.0761	 81.5638	 0.1885	 4.5900
0.5625	 -7.8189	 143.4309	 234.4286	 1.0722	 81.6482	 0.1845	 4.5900
0.5625	 -6.9117	 144.6518	 237.5515	 1.0694	 81.7095	 0.1806	 4.5900
0.5625	 -6.5600	 126.8642	 238.7174	 1.0682	 81.7331	 0.1766	 4.5900
0.5625	 -6.6992	 91.2803	 238.1341	 1.0687	 81.7237	 0.1727	 4.5900
0.5625	 -7.0942	 40.3251	 236.6437	 1.0699	 81.6972	 0.1687	 4.5900
0.5625	 -7.7108	 0.8723	 234.3792	 1.0719	 81.6555	 0.1648	 4.5900
0.5625	 -8.5149	 0.0000	 231.4762	 1.0744	 81.6010	 0.1608	 4.5900
0.5625	 -9.4725	 0.0000	 228.0706	 1.0774	 81.5356	 0.1568	 4.5900
0.5625	 -10.5494	 0.0000	 224.2957	 1.0809	 81.4615	 0.1529	 4.5900
0.5625	 -11.7115	 0.0000	 220.2811	 1.0846	 81.3810	 0.1489	 4.5900
0.5625	 -12.9248	 0.0000	 216.1509	 1.0885	 81.2962	 0.1450	 4.5900
0.5625	 -14.1552	 0.0000	 212.0230	 1.0925	 81.2095	 0.1410	 4.5900
0.5625	 -15.3685	 0.0000	 208.0089	 1.0965	 81.1233	 0.1371	 4.5900
0.0677	 -16.5306	 0.0000	 190.5170	 1.1003	 81.0400	 0.1331	 2.5600
0.0677	 -17.6075	 0.0000	 187.2367	 1.1039	 80.9622	 0.1288	 2.5600
0.0677	 -18.5651	 0.0000	 184.1513	 1.1071	 80.8926	 0.1176	 2.5600
0.0677	 -19.3692	 0.0000	 181.6044	 1.1098	 80.8337	 0.1089	 2.5600
0.0677	 -19.9858	 0.0000	 179.6779	 1.1119	 80.7883	 0.1026	 2.5600
0.0677	 -20.3808	 0.0000	 178.4557	 1.1132	 80.7591	 0.0988	 2.5600
0.0677	 -20.5200	 0.0000	 178.0271	 1.1137	 80.7488	 0.0975	 2.5600
0.0677	 -19.8237	 0.0907	 180.1822	 1.1113	 80.8002	 0.1043	 2.5600
0.0677	 -18.0280	 44.9746	 185.3963	 1.1053	 80.9317	 0.1068	 2.5600
0.0677	 -15.5726	 115.8172	 192.5678	 1.0972	 81.1087	 0.1054	 2.5600
0.0677	 -12.8974	 166.5096	 200.6195	 1.0884	 81.2982	 0.1041	 2.5600
0.0677	 -10.4420	 193.5973	 208.2255	 1.0805	 81.4689	 0.1028	 2.5600
0.0677	 -8.6463	 195.2342	 213.9116	 1.0748	 81.5920	 0.1015	 2.5600
0.0677	 -7.9500	 171.3088	 216.1208	 1.0726	 81.6393	 0.1001	 2.5600
0.0677	 -8.1051	 123.4515	 215.5741	 1.0731	 81.6288	 0.0988	 2.5600
0.0677	 -8.5450	 54.9239	 214.1083	 1.0745	 81.5989	 0.0975	 2.5600
0.0677	 -9.2319	 1.2900	 211.8590	 1.0767	 81.5520	 0.0961	 2.5600
0.0677	 -10.1276	 0.0000	 208.9652	 1.0795	 81.4906	 0.0948	 2.5600
0.0677	 -11.1942	 0.0000	 205.5660	 1.0829	 81.4169	 0.0935	 2.5600
0.0677	 -12.3938	 0.0000	 201.7980	 1.0868	 81.3334	 0.0922	 2.5600
0.0677	 -13.6883	 0.0000	 197.7934	 1.0910	 81.2425	 0.0908	 2.5600
0.0677	 -15.0398	 0.0000	 193.6781	 1.0954	 81.1467	 0.0895	 2.5600
0.0677	 -16.4102	 0.0000	 189.5715	 1.0999	 81.0487	 0.0882	 2.5600
0.0677	 -17.7617	 0.0000	 185.5855	 1.1044	 80.9510	 0.0869	 2.5600
0.0000	 -19.0562	 0.0000	 170.3508	 1.1088	 80.8566	 0.0855	 0.6900
0.0000	 -20.2558	 0.0000	 167.1241	 1.1128	 80.7684	 0.0842	 0.6900
0.0000	 -21.3224	 0.0000	 164.2884	 1.1164	 80.6892	 0.0829	 0.6900
0.0000	 -22.2181	 0.0000	 161.9277	 1.1195	 80.6223	 0.0815	 0.6900
0.0000	 -22.9050	 0.0000	 160.0181	 1.1218	 80.5707	 0.0772	 0.6900
0.0000	 -23.3449	 0.0000	 158.7862	 1.1234	 80.5375	 0.0739	 0.6900
0.0000	 -23.5000	 0.0000	 158.3545	 1.1239	 80.5258	 0.0727	 0.6900
0.0000	 -23.0042	 0.1546	 159.7393	 1.1222	 80.5632	 0.0764	 0.6900
0.0000	 -21.7257	 55.6297	 163.1300	 1.1178	 80.6592	 0.0796	 0.6900
0.0000	 -19.9774	 141.8646	 167.7320	 1.1119	 80.7889	 0.0807	 0.6900
0.0000	 -18.0726	 203.5765	 172.8527	 1.1055	 80.9284	 0.0817	 0.6900
0.0000	 -16.3243	 236.5598	 177.6580	 1.0997	 81.0549	 0.0827	 0.6900
0.0000	 -15.0458	 238.5669	 181.2458	 1.0954	 81.1463	 0.0838	 0.6900
0.0000	 -14.5500	 209.4609	 182.6754	 1.0938	 81.1816	 0.0848	 0.6900
0.0000	 -14.6064	 151.2254	 182.5560	 1.0940	 81.1776	 0.0858	 0.6900
0.0000	 -14.7662	 67.8289	 182.1459	 1.0945	 81.1662	 0.0869	 0.6900
0.0000	 -15.0158	 1.7449	 181.4850	 1.0953	 81.1485	 0.0879	 0.6900
0.0000	 -15.3412	 0.0000	 180.6141	 1.0964	 81.1253	 0.0889	 0.6900
0.0000	 -15.7288	 0.0000	 179.5736	 1.0977	 81.0976	 0.0900	 0.6900
0.0000	 -16.1646	 0.0000	 178.4040	 1.0991	 81.0663	 0.0910	 0.6900
0.0000	 -16.6350	 0.0000	 177.1450	 1.1007	 81.0325	 0.0920	 0.6900
0.0000	 -17.1260	 0.0000	 175.8361	 1.1023	 80.9971	 0.0931	 0.6900
0.0000	 -17.6240	 0.0000	 174.5155	 1.1040	 80.9610	 0.0941	 0.6900
0.0000	 -18.1150	 0.0000	 173.2209	 1.1056	 80.9254	 0.0951	 0.6900
0.0000	 -18.5854	 0.0000	 186.5917	 1.1072	 80.8911	 0.0962	 2.0000
0.0000	 -19.0212	 0.0000	 185.3496	 1.1086	 80.8592	 0.0972	 2.0000
0.0000	 -19.4088	 0.0000	 184.2534	 1.1100	 80.8308	 0.0982	 2.0000
0.0000	 -19.7342	 0.0000	 183.3410	 1.1110	 80.8068	 0.0993	 2.0000
0.0000	 -19.9838	 0.0000	 182.6501	 1.1119	 80.7884	 0.1003	 2.0000
0.0000	 -20.1436	 0.0000	 182.2120	 1.1124	 80.7766	 0.1011	 2.0000
0.0000	 -20.2000	 0.0000	 182.0358	 1.1126	 80.7725	 0.1005	 2.0000
0.0000	 -19.8782	 0.1608	 183.0403	 1.1115	 80.7962	 0.1035	 2.0000
0.0000	 -19.0482	 44.0368	 185.4740	 1.1087	 80.8572	 0.1047	 2.0000
0.0000	 -17.9133	 111.2364	 188.8292	 1.1049	 80.9400	 0.1059	 2.0000
0.0000	 -16.6767	 159.3360	 192.5334	 1.1008	 81.0295	 0.1071	 2.0000
0.0000	 -15.5418	 185.0578	 195.9836	 1.0971	 81.1109	 0.1083	 2.0000
0.0000	 -14.7118	 186.6489	 198.5450	 1.0944	 81.1701	 0.1094	 2.0000
0.0000	 -14.3900	 164.0008	 199.5651	 1.0933	 81.1929	 0.1106	 2.0000
0.0000	 -14.4225	 118.6570	 199.4982	 1.0934	 81.1906	 0.1118	 2.0000
0.0000	 -14.5147	 53.7075	 199.2479	 1.0937	 81.1841	 0.1130	 2.0000
0.0000	 -14.6587	 1.5233	 198.8391	 1.0942	 81.1738	 0.1142	 2.0000
0.0000	 -14.8465	 0.0000	 198.2969	 1.0948	 81.1605	 0.1154	 2.0000
0.0000	 -15.0701	 0.0000	 197.6463	 1.0955	 81.1446	 0.1165	 2.0000
0.0000	 -15.3216	 0.0000	 196.9124	 1.0964	 81.1267	 0.1177	 2.0000
0.0000	 -15.5930	 0.0000	 196.1201	 1.0972	 81.1073	 0.1189	 2.0000
0.0000	 -15.8763	 0.0000	 195.2940	 1.0982	 81.0870	 0.1201	 2.0000
0.0000	 -16.1637	 0.0000	 194.4583	 1.0991	 81.0664	 0.1213	 2.0000
0.0000	 -16.4470	 0.0000	 193.6373	 1.1001	 81.0460	 0.1225	 2.0000
0.1604	 -16.7184	 0.0000	 205.7344	 1.1010	 81.0265	 0.1236	 1.7600
0.1604	 -16.9699	 0.0000	 204.9545	 1.1018	 81.0084	 0.1248	 1.7600
0.1604	 -17.1935	 0.0000	 204.2653	 1.1025	 80.9922	 0.1260	 1.7600
0.1604	 -17.3813	 0.0000	 203.6917	 1.1032	 80.9786	 0.1272	 1.7600
0.1604	 -17.5253	 0.0000	 203.2580	 1.1036	 80.9682	 0.1284	 1.7600
0.1604	 -17.6175	 0.0000	 202.9726	 1.1040	 80.9615	 0.1287	 1.7600
0.1604	 -17.6500	 0.0000	 202.8619	 1.1041	 80.9591	 0.1283	 1.7600
0.1604	 -17.3259	 0.1561	 203.9680	 1.1030	 80.9826	 0.1323	 1.7600
0.1604	 -16.4902	 33.7521	 206.7468	 1.1002	 81.0429	 0.1379	 1.7600
0.1604	 -15.3475	 84.4685	 210.5117	 1.0964	 81.1248	 0.1414	 1.7600
0.1604	 -14.1025	 120.7816	 214.6654	 1.0924	 81.2133	 0.1450	 1.7600
0.1604	 -12.9598	 140.2168	 218.5372	 1.0886	 81.2938	 0.1486	 1.7600
0.1604	 -12.1241	 141.4497	 221.4209	 1.0859	 81.3523	 0.1522	 1.7600
0.1604	 -11.8000	 124.3962	 222.5906	 1.0849	 81.3748	 0.1557	 1.7600
0.1604	 -11.8070	 90.2185	 222.6385	 1.0849	 81.3744	 0.1593	 1.7600
0.1604	 -11.8268	 41.2458	 222.6424	 1.0850	 81.3730	 0.1629	 1.7600
0.1604	 -11.8577	 1.2959	 222.6082	 1.0851	 81.3708	 0.1664	 1.7600
0.1604	 -11.8980	 0.0000	 222.5417	 1.0852	 81.3680	 0.1700	 1.7600
0.1604	 -11.9460	 0.0000	 222.4487	 1.0854	 81.3647	 0.1736	 1.7600
0.1604	 -12.0000	 0.0000	 222.3350	 1.0855	 81.3609	 0.1772	 1.7600
0.1604	 -12.0583	 0.0000	 222.2066	 1.0857	 81.3569	 0.1807	 1.7600
0.1604	 -12.1192	 0.0000	 222.0691	 1.0859	 81.3526	 0.1843	 1.7600
0.1604	 -12.1808	 0.0000	 221.9284	 1.0861	 81.3483	 0.1879	 1.7600
0.1604	 -12.2417	 0.0000	 221.7904	 1.0863	 81.3441	 0.1914	 1.7600
0.5365	 -12.3000	 0.0000	 213.3733	 1.0865	 81.3400	 0.1950	 3.0800
0.5365	 -12.3540	 0.0000	 213.2785	 1.0867	 81.3362	 0.1986	 3.0800
0.5365	 -12.4020	 0.0000	 213.2028	 1.0868	 81.3329	 0.2022	 3.0800
0.5365	 -12.4423	 0.0000	 213.1518	 1.0870	 81.3300	 0.2057	 3.0800
0.5365	 -12.4732	 0.0000	 213.0892	 1.0871	 81.3279	 0.2074	 3.0800
0.5365	 -12.4930	 0.0000	 213.0165	 1.0871	 81.3265	 0.2071	 3.0800
0.5365	 -12.5000	 0.0000	 212.9909	 1.0872	 81.3260	 0.2069	 3.0800
0.5365	 -12.0641	 0.2339	 214.5889	 1.0857	 81.3565	 0.2149	 3.0800
0.5365	 -10.9398	 41.0603	 218.2524	 1.0821	 81.4346	 0.2133	 3.0800
0.5365	 -9.4025	 101.8295	 223.3506	 1.0772	 81.5404	 0.2117	 3.0800
0.5365	 -7.7275	 145.3596	 229.0095	 1.0719	 81.6544	 0.2101	 3.0800
0.5365	 -6.1902	 168.6842	 234.2939	 1.0671	 81.7579	 0.2085	 3.0800
0.5365	 -5.0659	 170.2137	 238.2055	 1.0636	 81.8329	 0.2069	 3.0800
0.5365	 -4.6300	 149.8439	 239.7114	 1.0622	 81.8618	 0.2053	 3.0800
0.5365	 -4.7375	 108.9629	 239.2907	 1.0626	 81.8547	 0.2038	 3.0800
0.5365	 -5.0425	 50.3568	 238.1716	 1.0635	 81.8345	 0.2022	 3.0800
0.5365	 -5.5186	 1.7599	 236.4541	 1.0650	 81.8028	 0.2006	 3.0800
0.5365	 -6.1396	 0.0000	 234.2400	 1.0669	 81.7613	 0.1990	 3.0800
0.5365	 -6.8790	 0.0000	 231.6309	 1.0692	 81.7117	 0.1974	 3.0800
0.5365	 -7.7106	 0.0000	 228.7275	 1.0719	 81.6555	 0.1958	 3.0800
0.5365	 -8.6080	 0.0000	 225.6280	 1.0747	 81.5946	 0.1942	 3.0800
0.5365	 -9.5450	 0.0000	 222.4274	 1.0777	 81.5306	 0.1927	 3.0800
0.5365	 -10.4950	 0.0000	 219.2172	 1.0807	 81.4653	 0.1911	 3.0800
0.5365	 -11.4320	 0.0000	 216.0851	 1.0837	 81.4004	 0.1895	 3.0800
0.4906	 -12.3294	 0.0000	 204.4031	 1.0866	 81.3379	 0.1879	 5.6500
0.4906	 -13.1610	 0.0000	 201.7823	 1.0893	 81.2797	 0.1863	 5.6500
0.4906	 -13.9004	 0.0000	 199.3977	 1.0917	 81.2276	 0.1821	 5.6500
0.4906	 -14.5214	 0.0000	 197.2359	 1.0937	 81.1836	 0.1719	 5.6500
0.4906	 -14.9975	 0.0000	 195.5971	 1.0953	 81.1498	 0.1645	 5.6500
0.4906	 -15.3025	 0.0000	 194.5558	 1.0963	 81.1280	 0.1599	 5.6500
0.4906	 -15.4100	 0.0000	 194.1903	 1.0966	 81.1203	 0.1584	 5.6500
0.4906	 -14.6843	 0.4071	 196.6731	 1.0943	 81.1720	 0.1694	 5.6500
0.4906	 -12.8129	 50.1204	 202.4400	 1.0882	 81.3041	 0.1709	 5.6500
0.4906	 -10.2540	 122.0697	 210.3637	 1.0799	 81.4819	 0.1672	 5.6500
0.4906	 -7.4660	 173.5584	 219.2678	 1.0711	 81.6721	 0.1635	 5.6500
0.4906	 -4.9071	 201.0777	 227.6753	 1.0631	 81.8435	 0.1597	 5.6500
0.4906	 -3.0357	 202.7521	 233.9429	 1.0573	 81.9669	 0.1560	 5.6500
0.4906	 -2.3100	 178.4676	 236.3341	 1.0551	 82.0144	 0.1523	 5.6500
0.4906	 -2.5092	 129.8791	 235.5233	 1.0557	 82.0014	 0.1485	 5.6500
0.4906	 -3.0742	 60.2978	 233.4527	 1.0574	 81.9644	 0.1448	 5.6500
0.4906	 -3.9562	 2.2074	 230.3136	 1.0602	 81.9064	 0.1411	 5.6500
0.4906	 -5.1065	 0.0000	 226.3027	 1.0637	 81.8302	 0.1373	 5.6500
0.4906	 -6.4763	 0.0000	 221.6168	 1.0680	 81.7387	 0.1336	 5.6500
0.4906	 -8.0169	 0.0000	 216.4481	 1.0728	 81.6348	 0.1299	 5.6500
0.4906	 -9.6793	 0.0000	 210.9807	 1.0781	 81.5214	 0.1261	 5.6500
0.4906	 -11.4150	 0.0000	 205.3884	 1.0837	 81.4016	 0.1224	 5.6500
0.4906	 -13.1750	 0.0000	 199.8328	 1.0893	 81.2787	 0.1187	 5.6500
0.4906	 -14.9107	 0.0000	 194.4633	 1.0950	 81.1559	 0.1149	 5.6500
0.0000	 -16.5731	 0.0000	 175.1326	 1.1005	 81.0370	 0.1112	 2.1700
0.0000	 -18.1137	 0.0000	 170.8543	 1.1056	 80.9255	 0.1075	 2.1700
0.0000	 -19.4835	 0.0000	 167.1011	 1.1102	 80.8253	 0.1037	 2.1700
0.0000	 -20.6338	 0.0000	 163.8482	 1.1141	 80.7404	 0.0964	 2.1700
0.0000	 -21.5158	 0.0000	 161.3004	 1.1171	 80.6748	 0.0885	 2.1700
0.0000	 -22.0808	 0.0000	 159.6929	 1.1190	 80.6326	 0.0837	 2.1700
0.0000	 -22.2800	 0.0000	 159.1307	 1.1197	 80.6177	 0.0821	 2.1700
0.0000	 -21.7255	 0.6115	 160.7016	 1.1178	 80.6592	 0.0867	 2.1700
0.0000	 -20.2955	 64.6135	 164.3639	 1.1129	 80.7654	 0.0865	 2.1700
0.0000	 -18.3402	 156.0392	 169.4386	 1.1064	 80.9090	 0.0853	 2.1700
0.0000	 -16.2098	 221.5095	 175.1043	 1.0993	 81.0631	 0.0842	 2.1700
0.0000	 -14.2545	 256.5626	 180.4241	 1.0929	 81.2025	 0.0830	 2.1700
0.0000	 -12.8245	 258.8098	 184.3780	 1.0882	 81.3033	 0.0818	 2.1700
0.0000	 -12.2700	 228.0978	 185.8993	 1.0864	 81.3421	 0.0807	 2.1700
0.0000	 -12.4071	 166.5198	 185.4630	 1.0869	 81.3325	 0.0795	 2.1700
0.0000	 -12.7962	 78.2720	 184.3161	 1.0881	 81.3053	 0.0784	 2.1700
0.0000	 -13.4035	 3.2107	 182.5626	 1.0901	 81.2626	 0.0772	 2.1700
0.0000	 -14.1955	 0.0000	 180.3087	 1.0927	 81.2067	 0.0760	 2.1700
0.0000	 -15.1387	 0.0000	 177.6608	 1.0958	 81.1397	 0.0749	 2.1700
0.0000	 -16.1994	 0.0000	 174.7235	 1.0992	 81.0638	 0.0737	 2.1700
0.0000	 -17.3440	 0.0000	 171.5982	 1.1030	 80.9813	 0.0726	 2.1700
0.0000	 -18.5391	 0.0000	 168.3822	 1.1070	 80.8944	 0.0714	 2.1700
0.0000	 -19.7509	 0.0000	 165.1679	 1.1111	 80.8056	 0.0703	 2.1700
0.0000	 -20.9460	 0.0000	 162.0428	 1.1151	 80.7172	 0.0691	 2.1700
0.0000	 -22.0906	 0.0000	 159.6725	 1.1190	 80.6319	 0.0679	 0.2900
0.0000	 -23.1513	 0.0000	 156.9591	 1.1227	 80.5522	 0.0668	 0.2900
0.0000	 -24.0945	 0.0000	 154.5709	 1.1259	 80.4807	 0.0656	 0.2900
0.0000	 -24.8865	 0.0000	 152.5382	 1.1287	 80.4204	 0.0633	 0.2900
0.0000	 -25.4938	 0.0000	 150.9204	 1.1308	 80.3739	 0.0596	 0.2900
0.0000	 -25.8829	 0.0000	 149.8941	 1.1322	 80.3440	 0.0573	 0.2900
0.0000	 -26.0200	 0.0000	 149.5342	 1.1326	 80.3334	 0.0565	 0.2900
0.0000	 -25.4799	 0.8219	 150.9573	 1.1307	 80.3750	 0.0596	 0.2900
0.0000	 -24.0871	 66.2891	 154.4378	 1.1259	 80.4813	 0.0615	 0.2900
0.0000	 -22.1825	 157.3853	 159.2078	 1.1194	 80.6250	 0.0617	 0.2900
0.0000	 -20.1075	 222.5710	 164.5289	 1.1123	 80.7793	 0.0620	 0.2900
0.0000	 -18.2029	 257.4038	 169.5299	 1.1059	 80.9190	 0.0623	 0.2900
0.0000	 -16.8101	 259.5100	 173.2616	 1.1013	 81.0199	 0.0625	 0.2900
0.0000	 -16.2700	 228.7461	 174.7312	 1.0995	 81.0588	 0.0628	 0.2900
0.0000	 -16.3588	 167.2085	 174.5009	 1.0998	 81.0524	 0.0630	 0.2900
0.0000	 -16.6106	 79.0909	 173.8301	 1.1006	 81.0343	 0.0633	 0.2900
0.0000	 -17.0037	 3.4393	 172.7810	 1.1019	 81.0059	 0.0635	 0.2900
0.0000	 -17.5163	 0.0000	 171.4170	 1.1036	 80.9688	 0.0638	 0.2900
0.0000	 -18.1268	 0.0000	 169.8013	 1.1057	 80.9245	 0.0640	 0.2900
0.0000	 -18.8134	 0.0000	 167.9967	 1.1080	 80.8744	 0.0643	 0.2900
0.0000	 -19.5543	 0.0000	 166.0647	 1.1104	 80.8201	 0.0645	 0.2900
0.0000	 -20.3278	 0.0000	 164.0650	 1.1131	 80.7630	 0.0648	 0.2900
0.0000	 -21.1122	 0.0000	 162.0555	 1.1157	 80.7049	 0.0650	 0.2900
0.0000	 -21.8857	 0.0000	 160.0921	 1.1183	 80.6472	 0.0653	 0.2900
0.0000	 -22.6266	 0.0000	 156.9591	 1.1209	 80.5917	 0.0655	 0.3700
0.0000	 -23.3132	 0.0000	 155.2617	 1.1232	 80.5399	 0.0658	 0.3700
0.0000	 -23.9237	 0.0000	 153.7650	 1.1253	 80.4937	 0.0660	 0.3700
0.0000	 -24.4363	 0.0000	 152.5175	 1.1271	 80.4547	 0.0663	 0.3700
0.0000	 -24.8294	 0.0000	 151.4648	 1.1285	 80.4248	 0.0637	 0.3700
0.0000	 -25.0812	 0.0000	 150.7949	 1.1294	 80.4055	 0.0621	 0.3700
0.0000	 -25.1700	 0.0000	 150.5595	 1.1297	 80.3987	 0.0615	 0.3700
0.0000	 -24.5967	 0.9616	 152.0871	 1.1277	 80.4425	 0.0652	 0.3700
0.0000	 -23.1181	 68.7946	 155.8567	 1.1226	 80.5547	 0.0687	 0.3700
0.0000	 -21.0964	 162.0434	 160.9707	 1.1157	 80.7061	 0.0696	 0.3700
0.0000	 -18.8936	 228.8287	 166.6818	 1.1082	 80.8685	 0.0705	 0.3700
0.0000	 -16.8719	 264.5992	 172.0588	 1.1015	 81.0154	 0.0713	 0.3700
0.0000	 -15.3933	 266.9173	 176.0822	 1.0966	 81.1215	 0.0722	 0.3700
0.0000	 -14.8200	 235.6250	 177.6827	 1.0947	 81.1624	 0.0730	 0.3700
0.0000	 -14.8940	 172.8547	 177.5152	 1.0950	 81.1571	 0.0739	 0.3700
0.0000	 -15.1039	 82.8843	 176.9761	 1.0956	 81.1422	 0.0748	 0.3700
0.0000	 -15.4317	 4.0514	 176.1173	 1.0967	 81.1188	 0.0756	 0.3700
0.0000	 -15.8591	 0.0000	 174.9913	 1.0981	 81.0882	 0.0765	 0.3700
0.0000	 -16.3680	 0.0000	 173.6510	 1.0998	 81.0517	 0.0773	 0.3700
0.0000	 -16.9404	 0.0000	 172.1485	 1.1017	 81.0105	 0.0782	 0.3700
0.0000	 -17.5581	 0.0000	 170.5352	 1.1038	 80.9658	 0.0790	 0.3700
0.0000	 -18.2030	 0.0000	 168.8615	 1.1059	 80.9190	 0.0799	 0.3700
0.0000	 -18.8570	 0.0000	 167.1763	 1.1081	 80.8712	 0.0808	 0.3700
0.0000	 -19.5019	 0.0000	 165.5272	 1.1103	 80.8239	 0.0816	 0.3700
