0.1958	 -16.1709	 0.0000	 199.8661	 1.0903	 80.4123	 0.1219	 4.5600
0.1958	 -16.9238	 0.0000	 197.5425	 1.0927	 80.3565	 0.1219	 4.5600
0.1958	 -17.5932	 0.0000	 195.4936	 1.0949	 80.3067	 0.1219	 4.5600
0.1958	 -18.1554	 0.0000	 193.7853	 1.0968	 80.2647	 0.1219	 4.5600
0.1958	 -18.5865	 0.0000	 192.3783	 1.0982	 80.2323	 0.1174	 4.5600
0.1958	 -18.8627	 0.0000	 191.4762	 1.0991	 80.2116	 0.1143	 4.5600
0.1958	 -18.9600	 0.0000	 191.1592	 1.0994	 80.2043	 0.1133	 4.5600
0.1958	 -18.4194	 0.1420	 192.9253	 1.0976	 80.2449	 0.1192	 4.5600
0.1958	 -17.0251	 38.8582	 197.1051	 1.0931	 80.3490	 0.1166	 4.5600
0.1958	 -15.1186	 97.9850	 202.9531	 1.0869	 80.4897	 0.1139	 4.5600
0.1958	 -13.0414	 140.0285	 209.4771	 1.0802	 80.6408	 0.1113	 4.5600
0.1958	 -11.1349	 162.1235	 215.5960	 1.0742	 80.7777	 0.1086	 4.5600
0.1958	 -9.7406	 162.7643	 220.1356	 1.0698	 80.8766	 0.1060	 4.5600
0.1958	 -9.2000	 141.9072	 221.8709	 1.0681	 80.9147	 0.1033	 4.5600
0.1958	 -9.3803	 100.9737	 221.1952	 1.0687	 80.9020	 0.1007	 4.5600
0.1958	 -9.8918	 42.7531	 219.4178	 1.0703	 80.8659	 0.0980	 4.5600
0.1958	 -10.6904	 0.5371	 216.7040	 1.0728	 80.8093	 0.0954	 4.5600
0.1958	 -11.7319	 0.0000	 213.2239	 1.0761	 80.7350	 0.0928	 4.5600
0.1958	 -12.9720	 0.0000	 209.1477	 1.0800	 80.6458	 0.0901	 4.5600
0.1958	 -14.3668	 0.0000	 204.6420	 1.0845	 80.5446	 0.0875	 4.5600
0.1958	 -15.8719	 0.0000	 199.8669	 1.0893	 80.4343	 0.0848	 4.5600
0.1958	 -17.4433	 0.0000	 194.9739	 1.0944	 80.3179	 0.0822	 4.5600
0.1958	 -19.0367	 0.0000	 190.1052	 1.0997	 80.1985	 0.0795	 4.5600
0.1958	 -20.6081	 0.0000	 185.3926	 1.1049	 80.0794	 0.0769	 4.5600
0.0052	 -22.1132	 0.0000	 173.1939	 1.1099	 79.9641	 0.0742	 2.6300
0.0052	 -23.5080	 0.0000	 169.3128	 1.1146	 79.8561	 0.0716	 2.6300
0.0052	 -24.7481	 0.0000	 165.7724	 1.1188	 79.7592	 0.0642	 2.6300
0.0052	 -25.7896	 0.0000	 162.8333	 1.1223	 79.6771	 0.0578	 2.6300
0.0052	 -26.5882	 0.0000	 160.6158	 1.1251	 79.6137	 0.0533	 2.6300
0.0052	 -27.0997	 0.0000	 159.2114	 1.1268	 79.5730	 0.0506	 2.6300
0.0052	 -27.2800	 0.0000	 158.7193	 1.1275	 79.5586	 0.0497	 2.6300
0.0052	 -26.4242	 0.2167	 161.0686	 1.1245	 79.6268	 0.0542	 2.6300
0.0052	 -24.2170	 46.8072	 166.9651	 1.1170	 79.8008	 0.0565	 2.6300
0.0052	 -21.1991	 116.9261	 175.1609	 1.1068	 80.0343	 0.0556	 2.6300
0.0052	 -17.9109	 166.7845	 184.4327	 1.0960	 80.2830	 0.0547	 2.6300
0.0052	 -14.8930	 192.9846	 193.2591	 1.0862	 80.5062	 0.0538	 2.6300
0.0052	 -12.6858	 193.7408	 199.9034	 1.0791	 80.6665	 0.0529	 2.6300
0.0052	 -11.8300	 169.0017	 202.5057	 1.0764	 80.7280	 0.0520	 2.6300
0.0052	 -12.0301	 120.4532	 201.8556	 1.0770	 80.7136	 0.0511	 2.6300
0.0052	 -12.5976	 51.4038	 200.0784	 1.0788	 80.6728	 0.0501	 2.6300
0.0052	 -13.4836	 0.7247	 197.3450	 1.0816	 80.6088	 0.0492	 2.6300
0.0052	 -14.6391	 0.0000	 193.8319	 1.0853	 80.5248	 0.0483	 2.6300
0.0052	 -16.0151	 0.0000	 189.7157	 1.0898	 80.4237	 0.0474	 2.6300
0.0052	 -17.5626	 0.0000	 185.1689	 1.0948	 80.3090	 0.0465	 2.6300
0.0052	 -19.2326	 0.0000	 180.3568	 1.1003	 80.1837	 0.0456	 2.6300
0.0052	 -20.9760	 0.0000	 175.4348	 1.1061	 80.0513	 0.0447	 2.6300
0.0052	 -22.7440	 0.0000	 170.5477	 1.1120	 79.9154	 0.0437	 2.6300
0.0052	 -24.4874	 0.0000	 165.8285	 1.1179	 79.7796	 0.0428	 2.6300
0.0000	 -26.1574	 0.0000	 144.4792	 1.1236	 79.6480	 0.0419	 0.7400
0.0000	 -27.7049	 0.0000	 140.8663	 1.1289	 79.5245	 0.0410	 0.7400
0.0000	 -29.0809	 0.0000	 137.7070	 1.1337	 79.4136	 0.0401	 0.7400
0.0000	 -30.2364	 0.0000	 134.9858	 1.1377	 79.3195	 0.0365	 0.7400
0.0000	 -31.1224	 0.0000	 132.9048	 1.1409	 79.2469	 0.0333	 0.7400
0.0000	 -31.6899	 0.0000	 131.5895	 1.1429	 79.2001	 0.0313	 0.7400
0.0000	 -31.8900	 0.0000	 131.1290	 1.1436	 79.1836	 0.0307	 0.7400
0.0000	 -31.0048	 0.3653	 133.1790	 1.1405	 79.2566	 0.0337	 0.7400
0.0000	 -28.7220	 64.0442	 138.4271	 1.1325	 79.4426	 0.0378	 0.7400
0.0000	 -25.6005	 158.5248	 145.6439	 1.1217	 79.6920	 0.0385	 0.7400
0.0000	 -22.1995	 225.7122	 153.8216	 1.1102	 79.9574	 0.0392	 0.7400
0.0000	 -19.0780	 261.0277	 161.6284	 1.0998	 80.1954	 0.0399	 0.7400
0.0000	 -16.7952	 262.0646	 167.5319	 1.0923	 80.3660	 0.0407	 0.7400
0.0000	 -15.9100	 228.7523	 169.8838	 1.0894	 80.4315	 0.0414	 0.7400
0.0000	 -16.0258	 163.3608	 169.6114	 1.0898	 80.4230	 0.0421	 0.7400
0.0000	 -16.3543	 70.3466	 168.7810	 1.0909	 80.3987	 0.0428	 0.7400
0.0000	 -16.8671	 1.1241	 167.4727	 1.0926	 80.3607	 0.0435	 0.7400
0.0000	 -17.5358	 0.0000	 165.7681	 1.0947	 80.3110	 0.0442	 0.7400
0.0000	 -18.3322	 0.0000	 163.7493	 1.0973	 80.2514	 0.0449	 0.7400
0.0000	 -19.2278	 0.0000	 161.4970	 1.1003	 80.1841	 0.0456	 0.7400
0.0000	 -20.1943	 0.0000	 159.0900	 1.1035	 80.1109	 0.0463	 0.7400
0.0000	 -21.2034	 0.0000	 156.6045	 1.1068	 80.0339	 0.0470	 0.7400
0.0000	 -22.2266	 0.0000	 154.1134	 1.1103	 79.9553	 0.0477	 0.7400
0.0000	 -23.2357	 0.0000	 151.6863	 1.1137	 79.8773	 0.0484	 0.7400
0.0000	 -24.2022	 0.0000	 156.4918	 1.1169	 79.8019	 0.0491	 2.1100
0.0000	 -25.0978	 0.0000	 154.2836	 1.1200	 79.7317	 0.0498	 2.1100
0.0000	 -25.8942	 0.0000	 152.3425	 1.1227	 79.6688	 0.0505	 2.1100
0.0000	 -26.5629	 0.0000	 150.7306	 1.1250	 79.6157	 0.0512	 2.1100
0.0000	 -27.0757	 0.0000	 149.4679	 1.1268	 79.5749	 0.0507	 2.1100
0.0000	 -27.4042	 0.0000	 148.6150	 1.1279	 79.5486	 0.0490	 2.1100
0.0000	 -27.5200	 0.0000	 148.3156	 1.1283	 79.5393	 0.0484	 2.1100
0.0000	 -26.9107	 0.4008	 149.8985	 1.1262	 79.5880	 0.0516	 2.1100
0.0000	 -25.3392	 58.3306	 153.8649	 1.1208	 79.7127	 0.0548	 2.1100
0.0000	 -23.1906	 143.0959	 159.2815	 1.1135	 79.8808	 0.0556	 2.1100
0.0000	 -20.8494	 203.3879	 165.3421	 1.1057	 80.0610	 0.0563	 2.1100
0.0000	 -18.7008	 235.0976	 171.0577	 1.0986	 80.2238	 0.0571	 2.1100
0.0000	 -17.1293	 236.0643	 175.3386	 1.0934	 80.3412	 0.0579	 2.1100
0.0000	 -16.5200	 206.2219	 177.0381	 1.0914	 80.3864	 0.0586	 2.1100
0.0000	 -16.5990	 147.6042	 176.8507	 1.0917	 80.3806	 0.0594	 2.1100
0.0000	 -16.8231	 64.2060	 176.2652	 1.0924	 80.3640	 0.0601	 2.1100
0.0000	 -17.1729	 1.1708	 175.3374	 1.0935	 80.3380	 0.0609	 2.1100
0.0000	 -17.6291	 0.0000	 174.1241	 1.0950	 80.3040	 0.0617	 2.1100
0.0000	 -18.1724	 0.0000	 172.6818	 1.0968	 80.2634	 0.0624	 2.1100
0.0000	 -18.7833	 0.0000	 171.0669	 1.0988	 80.2175	 0.0632	 2.1100
0.0000	 -19.4426	 0.0000	 169.3345	 1.1010	 80.1678	 0.0639	 2.1100
0.0000	 -20.1310	 0.0000	 167.5386	 1.1033	 80.1157	 0.0647	 2.1100
0.0000	 -20.8290	 0.0000	 165.7317	 1.1056	 80.0625	 0.0655	 2.1100
0.0000	 -21.5174	 0.0000	 163.9644	 1.1079	 80.0099	 0.0662	 2.1100
0.1042	 -22.1767	 0.0000	 180.4270	 1.1101	 79.9592	 0.0670	 1.9500
0.1042	 -22.7876	 0.0000	 178.6996	 1.1121	 79.9120	 0.0677	 1.9500
0.1042	 -23.3309	 0.0000	 177.1762	 1.1140	 79.8699	 0.0685	 1.9500
0.1042	 -23.7871	 0.0000	 175.9074	 1.1155	 79.8344	 0.0693	 1.9500
0.1042	 -24.1369	 0.0000	 174.9003	 1.1167	 79.8070	 0.0683	 1.9500
0.1042	 -24.3610	 0.0000	 174.2360	 1.1175	 79.7895	 0.0668	 1.9500
0.1042	 -24.4400	 0.0000	 174.0024	 1.1177	 79.7833	 0.0662	 1.9500
0.1042	 -23.8955	 0.3423	 175.6190	 1.1159	 79.8259	 0.0699	 1.9500
0.1042	 -22.4912	 42.1113	 179.7420	 1.1111	 79.9349	 0.0756	 1.9500
0.1042	 -20.5710	 102.4080	 185.3500	 1.1047	 80.0822	 0.0777	 1.9500
0.1042	 -18.4790	 145.3106	 191.6038	 1.0978	 80.2404	 0.0797	 1.9500
0.1042	 -16.5588	 167.8952	 197.4858	 1.0915	 80.3836	 0.0818	 1.9500
0.1042	 -15.1545	 168.6229	 201.8871	 1.0870	 80.4870	 0.0838	 1.9500
0.1042	 -14.6100	 147.4440	 203.6466	 1.0853	 80.5269	 0.0859	 1.9500
0.1042	 -14.6494	 105.8019	 203.5769	 1.0854	 80.5240	 0.0879	 1.9500
0.1042	 -14.7612	 46.5343	 203.2799	 1.0857	 80.5158	 0.0900	 1.9500
0.1042	 -14.9356	 0.9716	 202.7864	 1.0863	 80.5031	 0.0920	 1.9500
0.1042	 -15.1631	 0.0000	 202.1277	 1.0870	 80.4864	 0.0941	 1.9500
0.1042	 -15.4341	 0.0000	 201.3351	 1.0879	 80.4665	 0.0961	 1.9500
0.1042	 -15.7388	 0.0000	 200.4396	 1.0889	 80.4441	 0.0981	 1.9500
0.1042	 -16.0676	 0.0000	 199.4723	 1.0900	 80.4199	 0.1002	 1.9500
0.1042	 -16.4109	 0.0000	 198.4635	 1.0911	 80.3945	 0.1022	 1.9500
0.1042	 -16.7591	 0.0000	 197.4435	 1.0922	 80.3687	 0.1043	 1.9500
0.1042	 -17.1024	 0.0000	 196.4420	 1.0933	 80.3432	 0.1063	 1.9500
0.1865	 -17.4312	 0.0000	 207.5167	 1.0944	 80.3188	 0.1084	 3.2500
0.1865	 -17.7359	 0.0000	 206.5686	 1.0954	 80.2960	 0.1104	 3.2500
0.1865	 -18.0069	 0.0000	 205.7321	 1.0963	 80.2758	 0.1125	 3.2500
0.1865	 -18.2344	 0.0000	 205.0374	 1.0970	 80.2588	 0.1145	 3.2500
0.1865	 -18.4088	 0.0000	 204.5141	 1.0976	 80.2457	 0.1166	 3.2500
0.1865	 -18.5206	 0.0000	 204.1839	 1.0980	 80.2373	 0.1181	 3.2500
0.1865	 -18.5600	 0.0000	 204.0502	 1.0981	 80.2343	 0.1177	 3.2500
0.1865	 -18.2088	 0.3009	 205.2458	 1.0969	 80.2607	 0.1217	 3.2500
0.1865	 -17.3031	 31.7651	 208.1928	 1.0940	 80.3283	 0.1230	 3.2500
0.1865	 -16.0647	 76.5912	 212.2632	 1.0899	 80.4201	 0.1241	 3.2500
0.1865	 -14.7153	 108.5007	 216.7639	 1.0856	 80.5192	 0.1253	 3.2500
0.1865	 -13.4769	 125.3191	 220.9590	 1.0816	 80.6093	 0.1264	 3.2500
0.1865	 -12.5712	 125.9003	 224.0712	 1.0787	 80.6747	 0.1276	 3.2500
0.1865	 -12.2200	 110.2046	 225.2999	 1.0776	 80.7000	 0.1287	 3.2500
0.1865	 -12.2716	 79.3017	 225.1438	 1.0778	 80.6963	 0.1299	 3.2500
0.1865	 -12.4178	 35.2976	 224.6620	 1.0783	 80.6858	 0.1310	 3.2500
0.1865	 -12.6462	 0.8463	 223.8993	 1.0790	 80.6693	 0.1322	 3.2500
0.1865	 -12.9440	 0.0000	 222.9011	 1.0799	 80.6479	 0.1334	 3.2500
0.1865	 -13.2986	 0.0000	 221.7128	 1.0811	 80.6222	 0.1345	 3.2500
0.1865	 -13.6974	 0.0000	 220.3793	 1.0823	 80.5933	 0.1357	 3.2500
0.1865	 -14.1278	 0.0000	 218.9454	 1.0837	 80.5620	 0.1368	 3.2500
0.1865	 -14.5772	 0.0000	 217.4549	 1.0851	 80.5293	 0.1380	 3.2500
0.1865	 -15.0328	 0.0000	 215.9508	 1.0866	 80.4960	 0.1391	 3.2500
0.1865	 -15.4822	 0.0000	 214.4755	 1.0881	 80.4630	 0.1403	 3.2500
0.1229	 -15.9126	 0.0000	 194.8005	 1.0895	 80.4313	 0.1414	 5.8300
0.1229	 -16.3114	 0.0000	 193.6313	 1.0907	 80.4019	 0.1426	 5.8300
0.1229	 -16.6660	 0.0000	 192.5225	 1.0919	 80.3756	 0.1408	 5.8300
0.1229	 -16.9638	 0.0000	 191.5324	 1.0929	 80.3535	 0.1369	 5.8300
0.1229	 -17.1922	 0.0000	 190.7771	 1.0936	 80.3366	 0.1340	 5.8300
0.1229	 -17.3384	 0.0000	 190.2950	 1.0941	 80.3257	 0.1322	 5.8300
0.1229	 -17.3900	 0.0000	 190.1254	 1.0943	 80.3218	 0.1315	 5.8300
0.1229	 -16.6549	 0.6168	 192.5594	 1.0919	 80.3764	 0.1410	 5.8300
0.1229	 -14.7592	 49.7019	 198.2827	 1.0857	 80.5160	 0.1408	 5.8300
0.1229	 -12.1671	 117.8111	 206.2150	 1.0775	 80.7038	 0.1370	 5.8300
0.1229	 -9.3429	 166.2473	 215.1344	 1.0686	 80.9046	 0.1332	 5.8300
0.1229	 -6.7508	 191.7097	 223.5617	 1.0605	 81.0856	 0.1294	 5.8300
0.1229	 -4.8551	 192.4628	 229.8472	 1.0547	 81.2159	 0.1256	 5.8300
0.1229	 -4.1200	 168.4556	 232.2461	 1.0525	 81.2659	 0.1218	 5.8300
0.1229	 -4.3537	 121.3240	 231.3233	 1.0532	 81.2501	 0.1180	 5.8300
0.1229	 -5.0166	 54.2799	 228.9389	 1.0552	 81.2048	 0.1142	 5.8300
0.1229	 -6.0514	 1.3821	 225.3192	 1.0584	 81.1338	 0.1104	 5.8300
0.1229	 -7.4011	 0.0000	 220.6984	 1.0625	 81.0405	 0.1065	 5.8300
0.1229	 -9.0082	 0.0000	 215.3105	 1.0675	 80.9282	 0.1027	 5.8300
0.1229	 -10.8156	 0.0000	 209.3833	 1.0732	 80.8004	 0.0989	 5.8300
0.1229	 -12.7662	 0.0000	 203.1334	 1.0794	 80.6607	 0.0951	 5.8300
0.1229	 -14.8025	 0.0000	 196.7631	 1.0859	 80.5128	 0.0913	 5.8300
0.1229	 -16.8675	 0.0000	 190.4584	 1.0926	 80.3607	 0.0875	 5.8300
0.1229	 -18.9038	 0.0000	 184.3885	 1.0992	 80.2085	 0.0837	 5.8300
0.0708	 -20.8544	 0.0000	 176.5967	 1.1057	 80.0606	 0.0799	 2.1000
0.0708	 -22.6618	 0.0000	 171.4973	 1.1117	 79.9217	 0.0761	 2.1000
0.0708	 -24.2689	 0.0000	 166.9013	 1.1171	 79.7967	 0.0674	 2.1000
0.0708	 -25.6186	 0.0000	 163.0745	 1.1217	 79.6906	 0.0588	 2.1000
0.0708	 -26.6534	 0.0000	 160.2013	 1.1253	 79.6085	 0.0529	 2.1000
0.0708	 -27.3163	 0.0000	 158.3878	 1.1276	 79.5556	 0.0495	 2.1000
0.0708	 -27.5500	 0.0000	 157.7535	 1.1284	 79.5369	 0.0483	 2.1000
0.0708	 -26.6703	 0.7445	 160.1547	 1.1254	 79.6072	 0.0529	 2.1000
0.0708	 -24.4018	 53.2057	 166.1837	 1.1176	 79.7863	 0.0550	 2.1000
0.0708	 -21.2999	 125.1133	 174.5756	 1.1072	 80.0265	 0.0540	 2.1000
0.0708	 -17.9201	 176.2863	 184.0793	 1.0960	 80.2823	 0.0530	 2.1000
0.0708	 -14.8182	 203.2374	 193.1353	 1.0859	 80.5117	 0.0519	 2.1000
0.0708	 -12.5497	 204.1300	 199.9570	 1.0787	 80.6763	 0.0509	 2.1000
0.0708	 -11.6700	 178.9031	 202.6274	 1.0759	 80.7394	 0.0498	 2.1000
0.0708	 -11.8842	 129.2760	 201.9286	 1.0766	 80.7241	 0.0488	 2.1000
0.0708	 -12.4919	 58.6307	 200.0235	 1.0785	 80.6805	 0.0477	 2.1000
0.0708	 -13.4407	 1.7243	 197.0967	 1.0815	 80.6119	 0.0467	 2.1000
0.0708	 -14.6780	 0.0000	 193.3391	 1.0855	 80.5219	 0.0457	 2.1000
0.0708	 -16.1514	 0.0000	 188.9415	 1.0902	 80.4137	 0.0446	 2.1000
0.0708	 -17.8084	 0.0000	 184.0902	 1.0956	 80.2906	 0.0436	 2.1000
0.0708	 -19.5966	 0.0000	 178.9630	 1.1015	 80.1562	 0.0425	 2.1000
0.0708	 -21.4634	 0.0000	 173.7267	 1.1077	 80.0140	 0.0415	 2.1000
0.0708	 -23.3566	 0.0000	 168.5354	 1.1141	 79.8679	 0.0404	 2.1000
0.0708	 -25.2234	 0.0000	 163.5303	 1.1204	 79.7218	 0.0394	 2.1000
0.0000	 -27.0116	 0.0000	 142.0364	 1.1265	 79.5800	 0.0384	 0.3800
0.0000	 -28.6686	 0.0000	 138.2186	 1.1323	 79.4469	 0.0373	 0.3800
0.0000	 -30.1420	 0.0000	 134.8844	 1.1374	 79.3273	 0.0363	 0.3800
0.0000	 -31.3793	 0.0000	 132.0121	 1.1418	 79.2257	 0.0324	 0.3800
0.0000	 -32.3281	 0.0000	 129.8350	 1.1451	 79.1473	 0.0293	 0.3800
0.0000	 -32.9358	 0.0000	 128.4597	 1.1473	 79.0967	 0.0274	 0.3800
0.0000	 -33.1500	 0.0000	 127.9785	 1.1481	 79.0788	 0.0268	 0.3800
0.0000	 -32.2366	 1.2823	 130.0433	 1.1448	 79.1549	 0.0295	 0.3800
0.0000	 -29.8808	 73.7732	 135.3048	 1.1365	 79.3486	 0.0323	 0.3800
0.0000	 -26.6598	 170.7109	 142.6007	 1.1253	 79.6080	 0.0324	 0.3800
0.0000	 -23.1502	 239.6449	 150.8813	 1.1134	 79.8839	 0.0325	 0.3800
0.0000	 -19.9292	 275.8774	 158.7942	 1.1026	 80.1310	 0.0326	 0.3800
0.0000	 -17.5734	 276.9393	 164.7765	 1.0949	 80.3082	 0.0327	 0.3800
0.0000	 -16.6600	 242.7582	 167.1439	 1.0919	 80.3761	 0.0328	 0.3800
0.0000	 -16.8157	 175.6634	 166.7439	 1.0924	 80.3645	 0.0329	 0.3800
0.0000	 -17.2573	 80.2275	 165.6050	 1.0938	 80.3317	 0.0330	 0.3800
0.0000	 -17.9468	 2.5398	 163.8360	 1.0961	 80.2803	 0.0331	 0.3800
0.0000	 -18.8460	 0.0000	 161.5490	 1.0990	 80.2128	 0.0332	 0.3800
0.0000	 -19.9167	 0.0000	 158.8560	 1.1026	 80.1320	 0.0333	 0.3800
0.0000	 -21.1209	 0.0000	 155.8673	 1.1066	 80.0402	 0.0334	 0.3800
0.0000	 -22.4204	 0.0000	 152.6892	 1.1109	 79.9404	 0.0335	 0.3800
0.0000	 -23.7771	 0.0000	 149.4231	 1.1155	 79.8351	 0.0336	 0.3800
0.0000	 -25.1529	 0.0000	 146.1648	 1.1202	 79.7273	 0.0337	 0.3800
0.0000	 -26.5096	 0.0000	 143.0043	 1.1248	 79.6200	 0.0338	 0.3800
0.0000	 -27.8091	 0.0000	 141.1804	 1.1293	 79.5162	 0.0338	 0.4200
0.0000	 -29.0133	 0.0000	 138.4394	 1.1335	 79.4191	 0.0339	 0.4200
0.0000	 -30.0840	 0.0000	 136.0362	 1.1372	 79.3320	 0.0340	 0.4200
0.0000	 -30.9832	 0.0000	 134.0283	 1.1404	 79.2583	 0.0338	 0.4200
0.0000	 -31.6727	 0.0000	 132.4202	 1.1428	 79.2015	 0.0314	 0.4200
0.0000	 -32.1143	 0.0000	 131.4005	 1.1444	 79.1650	 0.0299	 0.4200
0.0000	 -32.2700	 0.0000	 131.0430	 1.1449	 79.1521	 0.0294	 0.4200
0.0000	 -31.4452	 1.4146	 132.9485	 1.1420	 79.2203	 0.0321	 0.4200
0.0000	 -29.3180	 73.7741	 137.8355	 1.1345	 79.3943	 0.0361	 0.4200
0.0000	 -26.4095	 169.4408	 144.5470	 1.1245	 79.6279	 0.0369	 0.4200
0.0000	 -23.2405	 237.5338	 152.1323	 1.1137	 79.8769	 0.0377	 0.4200
0.0000	 -20.3320	 273.4127	 159.3562	 1.1039	 80.1004	 0.0386	 0.4200
0.0000	 -18.2048	 274.6325	 164.8100	 1.0969	 80.2610	 0.0394	 0.4200
0.0000	 -17.3800	 241.1099	 166.9848	 1.0942	 80.3226	 0.0402	 0.4200
0.0000	 -17.4827	 175.1295	 166.7547	 1.0946	 80.3149	 0.0411	 0.4200
0.0000	 -17.7741	 81.1877	 166.0348	 1.0955	 80.2932	 0.0419	 0.4200
0.0000	 -18.2291	 2.9698	 164.8949	 1.0970	 80.2592	 0.0427	 0.4200
0.0000	 -18.8224	 0.0000	 163.4058	 1.0990	 80.2146	 0.0436	 0.4200
0.0000	 -19.5289	 0.0000	 161.6388	 1.1013	 80.1613	 0.0444	 0.4200
0.0000	 -20.3235	 0.0000	 159.6642	 1.1039	 80.1011	 0.0452	 0.4200
0.0000	 -21.1809	 0.0000	 157.5507	 1.1068	 80.0357	 0.0460	 0.4200
0.0000	 -22.0761	 0.0000	 155.3650	 1.1098	 79.9669	 0.0469	 0.4200
0.0000	 -22.9839	 0.0000	 153.1713	 1.1128	 79.8968	 0.0477	 0.4200
0.0000	 -23.8791	 0.0000	 151.0311	 1.1158	 79.8272	 0.0485	 0.4200
