0.3260	 -11.0040	 0.0000	 227.9702	 1.0912	 82.0940	 0.2083	 4.6400
0.3260	 -11.4213	 0.0000	 226.5280	 1.0925	 82.0659	 0.2083	 4.6400
0.3260	 -11.7924	 0.0000	 225.2513	 1.0937	 82.0409	 0.2083	 4.6400
0.3260	 -12.1040	 0.0000	 224.1833	 1.0948	 82.0198	 0.2083	 4.6400
0.3260	 -12.3430	 0.0000	 223.3670	 1.0955	 82.0037	 0.2083	 4.6400
0.3260	 -12.4960	 0.0000	 222.8225	 1.0961	 81.9933	 0.2070	 4.6400
0.3260	 -12.5500	 0.0000	 222.6207	 1.0962	 81.9896	 0.2060	 4.6400
0.3260	 -12.2503	 0.0242	 223.6204	 1.0952	 82.0099	 0.2048	 4.6400
0.3260	 -11.4775	 29.0877	 226.2072	 1.0927	 82.0621	 0.2013	 4.6400
0.3260	 -10.4207	 76.4324	 229.8038	 1.0893	 82.1331	 0.1978	 4.6400
0.3260	 -9.2693	 110.3067	 233.7764	 1.0855	 82.2098	 0.1942	 4.6400
0.3260	 -8.2125	 128.4023	 237.4617	 1.0821	 82.2796	 0.1907	 4.6400
0.3260	 -7.4397	 129.4859	 240.1657	 1.0796	 82.3304	 0.1872	 4.6400
0.3260	 -7.1400	 113.4838	 241.1781	 1.0787	 82.3500	 0.1837	 4.6400
0.3260	 -7.2563	 81.4864	 240.6893	 1.0790	 82.3424	 0.1802	 4.6400
0.3260	 -7.5862	 35.6742	 239.4324	 1.0801	 82.3208	 0.1767	 4.6400
0.3260	 -8.1012	 0.6916	 237.5182	 1.0817	 82.2870	 0.1732	 4.6400
0.3260	 -8.7728	 0.0000	 235.0597	 1.0839	 82.2427	 0.1697	 4.6400
0.3260	 -9.5726	 0.0000	 232.1697	 1.0865	 82.1896	 0.1662	 4.6400
0.3260	 -10.4721	 0.0000	 228.9597	 1.0894	 82.1296	 0.1626	 4.6400
0.3260	 -11.4428	 0.0000	 225.5380	 1.0926	 82.0645	 0.1591	 4.6400
0.3260	 -12.4562	 0.0000	 222.0096	 1.0959	 81.9960	 0.1556	 4.6400
0.3260	 -13.4838	 0.0000	 218.4747	 1.0993	 81.9260	 0.1521	 4.6400
0.3260	 -14.4972	 0.0000	 215.0291	 1.1027	 81.8565	 0.1486	 4.6400
0.0438	 -15.4679	 0.0000	 196.8903	 1.1059	 81.7895	 0.1451	 2.5400
0.0438	 -16.3674	 0.0000	 194.0778	 1.1090	 81.7270	 0.1416	 2.5400
0.0438	 -17.1672	 0.0000	 191.4952	 1.1117	 81.6711	 0.1343	 2.5400
0.0438	 -17.8388	 0.0000	 189.2878	 1.1139	 81.6238	 0.1260	 2.5400
0.0438	 -18.3538	 0.0000	 187.6143	 1.1157	 81.5875	 0.1200	 2.5400
0.0438	 -18.6837	 0.0000	 186.5510	 1.1168	 81.5641	 0.1163	 2.5400
0.0438	 -18.8000	 0.0000	 186.1778	 1.1172	 81.5559	 0.1150	 2.5400
0.0438	 -18.2544	 0.0567	 187.9362	 1.1154	 81.5945	 0.1212	 2.5400
0.0438	 -16.8472	 41.5388	 192.0979	 1.1106	 81.6935	 0.1210	 2.5400
0.0438	 -14.9232	 108.0398	 197.8650	 1.1041	 81.8272	 0.1195	 2.5400
0.0438	 -12.8268	 155.6190	 204.2989	 1.0971	 81.9708	 0.1179	 2.5400
0.0438	 -10.9028	 181.0339	 210.3369	 1.0908	 82.1008	 0.1164	 2.5400
0.0438	 -9.4956	 182.5526	 214.8245	 1.0862	 82.1947	 0.1149	 2.5400
0.0438	 -8.9500	 160.0715	 216.5560	 1.0845	 82.2309	 0.1134	 2.5400
0.0438	 -9.0824	 115.1227	 216.0784	 1.0849	 82.2222	 0.1119	 2.5400
0.0438	 -9.4582	 50.7694	 214.8107	 1.0861	 82.1972	 0.1104	 2.5400
0.0438	 -10.0447	 1.0758	 212.8680	 1.0880	 82.1582	 0.1089	 2.5400
0.0438	 -10.8097	 0.0000	 210.3677	 1.0905	 82.1070	 0.1073	 2.5400
0.0438	 -11.7206	 0.0000	 207.4276	 1.0935	 82.0457	 0.1058	 2.5400
0.0438	 -12.7451	 0.0000	 204.1633	 1.0969	 81.9764	 0.1043	 2.5400
0.0438	 -13.8506	 0.0000	 200.6874	 1.1005	 81.9009	 0.1028	 2.5400
0.0438	 -15.0048	 0.0000	 197.1079	 1.1044	 81.8215	 0.1013	 2.5400
0.0438	 -16.1752	 0.0000	 193.5277	 1.1083	 81.7404	 0.0998	 2.5400
0.0438	 -17.3294	 0.0000	 190.0445	 1.1122	 81.6597	 0.0982	 2.5400
0.0000	 -18.4349	 0.0000	 172.2988	 1.1160	 81.5818	 0.0967	 0.7300
0.0000	 -19.4594	 0.0000	 169.5043	 1.1195	 81.5090	 0.0952	 0.7300
0.0000	 -20.3703	 0.0000	 167.0423	 1.1226	 81.4438	 0.0937	 0.7300
0.0000	 -21.1353	 0.0000	 164.9743	 1.1253	 81.3888	 0.0918	 0.7300
0.0000	 -21.7218	 0.0000	 163.2754	 1.1273	 81.3464	 0.0867	 0.7300
0.0000	 -22.0976	 0.0000	 162.1979	 1.1286	 81.3191	 0.0836	 0.7300
0.0000	 -22.2300	 0.0000	 161.8199	 1.1291	 81.3095	 0.0825	 0.7300
0.0000	 -21.7436	 0.1095	 163.2126	 1.1274	 81.3448	 0.0865	 0.7300
0.0000	 -20.4894	 54.3116	 166.5877	 1.1230	 81.4353	 0.0896	 0.7300
0.0000	 -18.7743	 139.8601	 171.1706	 1.1171	 81.5577	 0.0906	 0.7300
0.0000	 -16.9057	 201.0729	 176.2677	 1.1108	 81.6894	 0.0916	 0.7300
0.0000	 -15.1906	 233.7785	 181.0482	 1.1050	 81.8087	 0.0926	 0.7300
0.0000	 -13.9364	 235.7481	 184.6154	 1.1008	 81.8950	 0.0936	 0.7300
0.0000	 -13.4500	 206.8474	 186.0355	 1.0992	 81.9283	 0.0946	 0.7300
0.0000	 -13.5074	 149.0460	 185.9089	 1.0994	 81.9244	 0.0955	 0.7300
0.0000	 -13.6704	 66.2829	 185.4818	 1.0999	 81.9133	 0.0965	 0.7300
0.0000	 -13.9248	 1.5493	 184.7958	 1.1008	 81.8958	 0.0975	 0.7300
0.0000	 -14.2566	 0.0000	 183.8927	 1.1019	 81.8731	 0.0985	 0.7300
0.0000	 -14.6517	 0.0000	 182.8145	 1.1032	 81.8459	 0.0995	 0.7300
0.0000	 -15.0960	 0.0000	 181.6031	 1.1047	 81.8152	 0.1005	 0.7300
0.0000	 -15.5756	 0.0000	 180.2995	 1.1063	 81.7820	 0.1015	 0.7300
0.0000	 -16.0762	 0.0000	 178.9444	 1.1080	 81.7473	 0.1025	 0.7300
0.0000	 -16.5838	 0.0000	 177.5775	 1.1097	 81.7119	 0.1035	 0.7300
0.0000	 -17.0844	 0.0000	 176.2376	 1.1114	 81.6769	 0.1044	 0.7300
0.2000	 -17.5640	 0.0000	 206.3408	 1.1130	 81.6432	 0.1054	 2.0400
0.2000	 -18.0083	 0.0000	 204.9312	 1.1145	 81.6119	 0.1064	 2.0400
0.2000	 -18.4034	 0.0000	 203.6859	 1.1159	 81.5840	 0.1074	 2.0400
0.2000	 -18.7352	 0.0000	 202.6474	 1.1170	 81.5605	 0.1084	 2.0400
0.2000	 -18.9896	 0.0000	 201.8579	 1.1179	 81.5424	 0.1094	 2.0400
0.2000	 -19.1526	 0.0000	 201.3598	 1.1184	 81.5308	 0.1104	 2.0400
0.2000	 -19.2100	 0.0000	 201.1821	 1.1186	 81.5268	 0.1106	 2.0400
0.2000	 -18.9319	 0.0816	 202.0970	 1.1177	 81.5465	 0.1125	 2.0400
0.2000	 -18.2148	 29.3438	 204.4021	 1.1152	 81.5973	 0.1136	 2.0400
0.2000	 -17.2342	 74.8332	 207.5780	 1.1119	 81.6664	 0.1148	 2.0400
0.2000	 -16.1658	 107.3894	 211.0785	 1.1083	 81.7410	 0.1159	 2.0400
0.2000	 -15.1852	 124.7938	 214.3318	 1.1050	 81.8091	 0.1171	 2.0400
0.2000	 -14.4681	 125.8603	 216.7405	 1.1026	 81.8585	 0.1182	 2.0400
0.2000	 -14.1900	 110.5162	 217.6931	 1.1017	 81.8776	 0.1194	 2.0400
0.2000	 -14.2183	 79.8071	 217.6196	 1.1018	 81.8757	 0.1205	 2.0400
0.2000	 -14.2987	 35.8260	 217.3718	 1.1020	 81.8702	 0.1217	 2.0400
0.2000	 -14.4241	 0.9300	 216.9732	 1.1024	 81.8616	 0.1228	 2.0400
0.2000	 -14.5877	 0.0000	 216.4477	 1.1030	 81.8503	 0.1239	 2.0400
0.2000	 -14.7825	 0.0000	 215.8190	 1.1036	 81.8369	 0.1251	 2.0400
0.2000	 -15.0016	 0.0000	 215.1110	 1.1044	 81.8218	 0.1262	 2.0400
0.2000	 -15.2380	 0.0000	 214.3471	 1.1052	 81.8054	 0.1274	 2.0400
0.2000	 -15.4849	 0.0000	 213.5508	 1.1060	 81.7883	 0.1285	 2.0400
0.2000	 -15.7351	 0.0000	 212.7452	 1.1068	 81.7710	 0.1297	 2.0400
0.2000	 -15.9820	 0.0000	 211.9533	 1.1077	 81.7538	 0.1308	 2.0400
0.6531	 -16.2184	 0.0000	 206.2147	 1.1085	 81.7374	 0.1319	 1.7600
0.6531	 -16.4375	 0.0000	 205.5378	 1.1092	 81.7221	 0.1331	 1.7600
0.6531	 -16.6323	 0.0000	 204.9399	 1.1099	 81.7085	 0.1342	 1.7600
0.6531	 -16.7959	 0.0000	 204.4424	 1.1104	 81.6971	 0.1354	 1.7600
0.6531	 -16.9213	 0.0000	 204.0669	 1.1108	 81.6883	 0.1365	 1.7600
0.6531	 -17.0017	 0.0000	 203.8101	 1.1111	 81.6827	 0.1364	 1.7600
0.6531	 -17.0300	 0.0000	 203.7130	 1.1112	 81.6807	 0.1361	 1.7600
0.6531	 -16.6987	 0.1240	 204.8519	 1.1101	 81.7039	 0.1404	 1.7600
0.6531	 -15.8445	 33.9583	 207.6739	 1.1072	 81.7634	 0.1447	 1.7600
0.6531	 -14.6764	 85.7830	 211.5179	 1.1033	 81.8442	 0.1477	 1.7600
0.6531	 -13.4036	 122.8857	 215.7609	 1.0991	 81.9315	 0.1507	 1.7600
0.6531	 -12.2355	 142.7380	 219.7160	 1.0952	 82.0109	 0.1537	 1.7600
0.6531	 -11.3813	 143.9868	 222.6593	 1.0924	 82.0686	 0.1566	 1.7600
0.6531	 -11.0500	 126.5472	 223.8464	 1.0913	 82.0909	 0.1596	 1.7600
0.6531	 -11.0676	 91.6076	 223.8484	 1.0914	 82.0897	 0.1626	 1.7600
0.6531	 -11.1173	 41.5490	 223.7404	 1.0915	 82.0864	 0.1656	 1.7600
0.6531	 -11.1951	 1.2031	 223.5372	 1.0918	 82.0811	 0.1685	 1.7600
0.6531	 -11.2965	 0.0000	 223.2534	 1.0921	 82.0743	 0.1715	 1.7600
0.6531	 -11.4172	 0.0000	 222.9040	 1.0925	 82.0662	 0.1745	 1.7600
0.6531	 -11.5530	 0.0000	 222.5038	 1.0930	 82.0571	 0.1775	 1.7600
0.6531	 -11.6995	 0.0000	 222.0674	 1.0934	 82.0472	 0.1804	 1.7600
0.6531	 -11.8524	 0.0000	 221.6096	 1.0939	 82.0368	 0.1834	 1.7600
0.6531	 -12.0076	 0.0000	 221.1451	 1.0944	 82.0264	 0.1864	 1.7600
0.6531	 -12.1605	 0.0000	 220.6882	 1.0949	 82.0160	 0.1894	 1.7600
0.8135	 -12.3070	 0.0000	 212.8927	 1.0954	 82.0061	 0.1923	 3.1400
0.8135	 -12.4428	 0.0000	 212.5202	 1.0959	 81.9969	 0.1953	 3.1400
0.8135	 -12.5635	 0.0000	 212.1966	 1.0963	 81.9887	 0.1983	 3.1400
0.8135	 -12.6649	 0.0000	 211.9358	 1.0966	 81.9818	 0.2012	 3.1400
0.8135	 -12.7427	 0.0000	 211.7106	 1.0969	 81.9765	 0.2024	 3.1400
0.8135	 -12.7924	 0.0000	 211.5289	 1.0970	 81.9731	 0.2015	 3.1400
0.8135	 -12.8100	 0.0000	 211.4649	 1.0971	 81.9719	 0.2012	 3.1400
0.8135	 -12.3774	 0.1868	 213.0489	 1.0957	 82.0013	 0.2093	 3.1400
0.8135	 -11.2617	 40.3851	 216.6782	 1.0920	 82.0767	 0.2084	 3.1400
0.8135	 -9.7361	 101.0774	 221.7223	 1.0870	 82.1787	 0.2075	 3.1400
0.8135	 -8.0739	 144.5483	 227.3196	 1.0817	 82.2887	 0.2066	 3.1400
0.8135	 -6.5483	 167.8352	 232.5476	 1.0768	 82.3886	 0.2057	 3.1400
0.8135	 -5.4326	 169.3513	 236.4217	 1.0732	 82.4610	 0.2048	 3.1400
0.8135	 -5.0000	 148.9932	 237.9233	 1.0719	 82.4889	 0.2039	 3.1400
0.8135	 -5.0957	 108.1482	 237.5633	 1.0722	 82.4827	 0.2030	 3.1400
0.8135	 -5.3674	 49.5999	 236.5850	 1.0730	 82.4652	 0.2021	 3.1400
0.8135	 -5.7914	 1.6081	 235.0759	 1.0744	 82.4378	 0.2012	 3.1400
0.8135	 -6.3444	 0.0000	 233.1254	 1.0761	 82.4019	 0.2003	 3.1400
0.8135	 -7.0028	 0.0000	 230.8227	 1.0782	 82.3590	 0.1994	 3.1400
0.8135	 -7.7434	 0.0000	 228.2562	 1.0806	 82.3105	 0.1986	 3.1400
0.8135	 -8.5426	 0.0000	 225.5122	 1.0832	 82.2579	 0.1977	 3.1400
0.8135	 -9.3770	 0.0000	 222.6749	 1.0859	 82.2026	 0.1968	 3.1400
0.8135	 -10.2230	 0.0000	 219.8254	 1.0886	 82.1463	 0.1959	 3.1400
0.8135	 -11.0574	 0.0000	 217.0420	 1.0913	 82.0904	 0.1950	 3.1400
0.2354	 -11.8566	 0.0000	 206.7852	 1.0939	 82.0366	 0.1941	 5.8100
0.2354	 -12.5972	 0.0000	 204.4418	 1.0964	 81.9864	 0.1932	 5.8100
0.2354	 -13.2556	 0.0000	 202.3723	 1.0986	 81.9416	 0.1923	 5.8100
0.2354	 -13.8086	 0.0000	 200.4390	 1.1004	 81.9038	 0.1836	 5.8100
0.2354	 -14.2326	 0.0000	 198.9546	 1.1018	 81.8747	 0.1766	 5.8100
0.2354	 -14.5043	 0.0000	 198.0105	 1.1027	 81.8560	 0.1722	 5.8100
0.2354	 -14.6000	 0.0000	 197.6790	 1.1030	 81.8495	 0.1707	 5.8100
0.2354	 -13.9441	 0.3313	 199.9632	 1.1008	 81.8945	 0.1813	 5.8100
0.2354	 -12.2527	 48.2586	 205.2329	 1.0953	 82.0098	 0.1825	 5.8100
0.2354	 -9.9399	 118.5749	 212.4766	 1.0877	 82.1652	 0.1794	 5.8100
0.2354	 -7.4201	 168.8907	 220.5925	 1.0796	 82.3317	 0.1763	 5.8100
0.2354	 -5.1073	 195.7771	 228.2353	 1.0722	 82.4820	 0.1731	 5.8100
0.2354	 -3.4159	 197.4018	 233.9232	 1.0669	 82.5904	 0.1700	 5.8100
0.2354	 -2.7600	 173.6540	 236.0982	 1.0648	 82.6321	 0.1669	 5.8100
0.2354	 -2.9283	 126.1523	 235.4182	 1.0653	 82.6214	 0.1638	 5.8100
0.2354	 -3.4055	 58.1336	 233.6723	 1.0668	 82.5911	 0.1607	 5.8100
0.2354	 -4.1507	 1.9807	 231.0191	 1.0692	 82.5435	 0.1576	 5.8100
0.2354	 -5.1224	 0.0000	 227.6213	 1.0722	 82.4810	 0.1545	 5.8100
0.2354	 -6.2796	 0.0000	 223.6419	 1.0759	 82.4061	 0.1513	 5.8100
0.2354	 -7.5810	 0.0000	 219.2403	 1.0801	 82.3211	 0.1482	 5.8100
0.2354	 -8.9854	 0.0000	 214.5706	 1.0846	 82.2286	 0.1451	 5.8100
0.2354	 -10.4516	 0.0000	 209.7790	 1.0894	 82.1310	 0.1420	 5.8100
0.2354	 -11.9384	 0.0000	 205.0035	 1.0942	 82.0310	 0.1389	 5.8100
0.2354	 -13.4046	 0.0000	 200.3730	 1.0991	 81.9314	 0.1358	 5.8100
0.0010	 -14.8090	 0.0000	 199.2215	 1.1037	 81.8350	 0.1327	 2.1400
0.0010	 -16.1104	 0.0000	 195.1734	 1.1081	 81.7449	 0.1295	 2.1400
0.0010	 -17.2676	 0.0000	 191.6168	 1.1120	 81.6640	 0.1264	 2.1400
0.0010	 -18.2393	 0.0000	 188.6034	 1.1153	 81.5956	 0.1213	 2.1400
0.0010	 -18.9845	 0.0000	 186.2012	 1.1179	 81.5428	 0.1130	 2.1400
0.0010	 -19.4617	 0.0000	 184.6801	 1.1195	 81.5088	 0.1079	 2.1400
0.0010	 -19.6300	 0.0000	 184.1471	 1.1201	 81.4968	 0.1062	 2.1400
0.0010	 -19.1038	 0.3797	 185.8197	 1.1183	 81.5343	 0.1117	 2.1400
0.0010	 -17.7466	 46.7536	 189.7781	 1.1136	 81.6303	 0.1107	 2.1400
0.0010	 -15.8909	 113.8878	 195.2867	 1.1074	 81.7602	 0.1090	 2.1400
0.0010	 -13.8691	 161.9593	 201.4280	 1.1006	 81.8997	 0.1073	 2.1400
0.0010	 -12.0134	 187.6922	 207.1867	 1.0945	 82.0260	 0.1057	 2.1400
0.0010	 -10.6562	 189.3327	 211.4625	 1.0900	 82.1173	 0.1040	 2.1400
0.0010	 -10.1300	 166.7691	 213.1077	 1.0883	 82.1525	 0.1024	 2.1400
0.0010	 -10.2684	 121.5390	 212.6116	 1.0888	 82.1433	 0.1007	 2.1400
0.0010	 -10.6611	 56.7249	 211.2991	 1.0900	 82.1170	 0.0990	 2.1400
0.0010	 -11.2742	 2.1793	 209.2897	 1.0920	 82.0758	 0.0974	 2.1400
0.0010	 -12.0737	 0.0000	 206.7053	 1.0947	 82.0219	 0.0957	 2.1400
0.0010	 -13.0258	 0.0000	 203.6682	 1.0978	 81.9573	 0.0941	 2.1400
0.0010	 -14.0965	 0.0000	 200.2986	 1.1014	 81.8841	 0.0924	 2.1400
0.0010	 -15.2520	 0.0000	 196.7131	 1.1052	 81.8045	 0.0907	 2.1400
0.0010	 -16.4584	 0.0000	 193.0232	 1.1093	 81.7206	 0.0891	 2.1400
0.0010	 -17.6816	 0.0000	 189.3354	 1.1134	 81.6349	 0.0874	 2.1400
0.0010	 -18.8880	 0.0000	 185.7499	 1.1175	 81.5496	 0.0858	 2.1400
0.0000	 -20.0435	 0.0000	 165.9141	 1.1215	 81.4673	 0.0841	 0.2800
0.0000	 -21.1142	 0.0000	 163.0774	 1.1252	 81.3903	 0.0824	 0.2800
0.0000	 -22.0663	 0.0000	 160.5790	 1.1285	 81.3214	 0.0808	 0.2800
0.0000	 -22.8658	 0.0000	 158.4344	 1.1313	 81.2632	 0.0775	 0.2800
0.0000	 -23.4789	 0.0000	 156.7318	 1.1335	 81.2183	 0.0729	 0.2800
0.0000	 -23.8716	 0.0000	 155.6521	 1.1348	 81.1894	 0.0701	 0.2800
0.0000	 -24.0100	 0.0000	 155.2735	 1.1353	 81.1792	 0.0691	 0.2800
0.0000	 -23.4910	 0.7007	 156.6984	 1.1335	 81.2174	 0.0728	 0.2800
0.0000	 -22.1524	 64.3313	 160.1411	 1.1288	 81.3152	 0.0747	 0.2800
0.0000	 -20.3221	 154.0115	 164.8537	 1.1225	 81.4473	 0.0750	 0.2800
0.0000	 -18.3279	 218.1802	 170.1050	 1.1156	 81.5893	 0.0753	 0.2800
0.0000	 -16.4976	 252.4641	 175.0350	 1.1094	 81.7179	 0.0756	 0.2800
0.0000	 -15.1590	 254.5270	 178.7108	 1.1049	 81.8109	 0.0758	 0.2800
0.0000	 -14.6400	 224.2283	 180.1584	 1.1032	 81.8467	 0.0761	 0.2800
0.0000	 -14.7243	 163.6327	 179.9357	 1.1035	 81.8409	 0.0764	 0.2800
0.0000	 -14.9633	 76.8698	 179.2847	 1.1042	 81.8244	 0.0767	 0.2800
0.0000	 -15.3366	 3.1421	 178.2657	 1.1055	 81.7986	 0.0770	 0.2800
0.0000	 -15.8233	 0.0000	 176.9400	 1.1071	 81.7648	 0.0772	 0.2800
0.0000	 -16.4029	 0.0000	 175.3688	 1.1091	 81.7245	 0.0775	 0.2800
0.0000	 -17.0548	 0.0000	 173.6129	 1.1113	 81.6789	 0.0778	 0.2800
0.0000	 -17.7582	 0.0000	 171.7321	 1.1137	 81.6295	 0.0781	 0.2800
0.0000	 -18.4926	 0.0000	 169.7843	 1.1162	 81.5777	 0.0784	 0.2800
0.0000	 -19.2374	 0.0000	 167.8259	 1.1187	 81.5248	 0.0786	 0.2800
0.0000	 -19.9718	 0.0000	 165.9115	 1.1212	 81.4724	 0.0789	 0.2800
0.0000	 -20.6752	 0.0000	 164.7814	 1.1237	 81.4219	 0.0792	 0.4100
0.0000	 -21.3271	 0.0000	 163.1036	 1.1259	 81.3750	 0.0795	 0.4100
0.0000	 -21.9067	 0.0000	 161.6237	 1.1280	 81.3330	 0.0798	 0.4100
0.0000	 -22.3934	 0.0000	 160.3902	 1.1296	 81.2976	 0.0801	 0.4100
0.0000	 -22.7667	 0.0000	 159.3773	 1.1310	 81.2704	 0.0782	 0.4100
0.0000	 -23.0057	 0.0000	 158.7076	 1.1318	 81.2529	 0.0764	 0.4100
0.0000	 -23.0900	 0.0000	 158.4723	 1.1321	 81.2468	 0.0758	 0.4100
0.0000	 -22.5854	 0.8036	 159.8873	 1.1303	 81.2836	 0.0796	 0.4100
0.0000	 -21.2839	 64.8287	 163.3283	 1.1258	 81.3781	 0.0827	 0.4100
0.0000	 -19.5044	 153.9524	 168.0042	 1.1196	 81.5058	 0.0835	 0.4100
0.0000	 -17.5656	 217.7804	 173.2094	 1.1130	 81.6431	 0.0844	 0.4100
0.0000	 -15.7861	 251.9628	 178.0951	 1.1070	 81.7674	 0.0853	 0.4100
0.0000	 -14.4846	 254.1702	 181.7422	 1.1027	 81.8574	 0.0862	 0.4100
0.0000	 -13.9800	 224.2522	 183.1923	 1.1010	 81.8921	 0.0871	 0.4100
0.0000	 -14.0459	 164.2476	 183.0409	 1.1012	 81.8875	 0.0880	 0.4100
0.0000	 -14.2329	 78.2456	 182.5493	 1.1018	 81.8747	 0.0888	 0.4100
0.0000	 -14.5249	 3.6162	 181.7649	 1.1028	 81.8546	 0.0897	 0.4100
0.0000	 -14.9056	 0.0000	 180.7353	 1.1041	 81.8284	 0.0906	 0.4100
0.0000	 -15.3590	 0.0000	 179.5086	 1.1056	 81.7970	 0.0915	 0.4100
0.0000	 -15.8690	 0.0000	 178.1322	 1.1073	 81.7617	 0.0924	 0.4100
0.0000	 -16.4192	 0.0000	 176.6531	 1.1091	 81.7234	 0.0933	 0.4100
0.0000	 -16.9937	 0.0000	 175.1172	 1.1111	 81.6832	 0.0941	 0.4100
0.0000	 -17.5763	 0.0000	 173.5695	 1.1131	 81.6423	 0.0950	 0.4100
0.0000	 -18.1508	 0.0000	 172.0535	 1.1150	 81.6018	 0.0959	 0.4100
