0.2656	 -10.7440	 0.0000	 228.3427	 1.1040	 83.1437	 0.2126	 4.6200
0.2656	 -11.1775	 0.0000	 226.8438	 1.1055	 83.1160	 0.2126	 4.6200
0.2656	 -11.5630	 0.0000	 225.5173	 1.1068	 83.0913	 0.2126	 4.6200
0.2656	 -11.8867	 0.0000	 224.4077	 1.1079	 83.0706	 0.2126	 4.6200
0.2656	 -12.1349	 0.0000	 223.5598	 1.1087	 83.0546	 0.2126	 4.6200
0.2656	 -12.2939	 0.0000	 222.9859	 1.1092	 83.0444	 0.2108	 4.6200
0.2656	 -12.3500	 0.0000	 222.7758	 1.1094	 83.0407	 0.2098	 4.6200
0.2656	 -12.0387	 0.0407	 223.8182	 1.1084	 83.0608	 0.2087	 4.6200
0.2656	 -11.2358	 29.8005	 226.5008	 1.1057	 83.1123	 0.2049	 4.6200
0.2656	 -10.1380	 77.4783	 230.2337	 1.1020	 83.1823	 0.2010	 4.6200
0.2656	 -8.9420	 111.5388	 234.3592	 1.0980	 83.2579	 0.1971	 4.6200
0.2656	 -7.8442	 129.6608	 238.1875	 1.0943	 83.3267	 0.1933	 4.6200
0.2656	 -7.0413	 130.6093	 240.9959	 1.0917	 83.3768	 0.1894	 4.6200
0.2656	 -6.7300	 114.3198	 242.0442	 1.0907	 83.3961	 0.1856	 4.6200
0.2656	 -6.8556	 81.9022	 241.5126	 1.0911	 83.3883	 0.1817	 4.6200
0.2656	 -7.2118	 35.5658	 240.1505	 1.0923	 83.3662	 0.1778	 4.6200
0.2656	 -7.7678	 0.6250	 238.0783	 1.0941	 83.3315	 0.1740	 4.6200
0.2656	 -8.4931	 0.0000	 235.4190	 1.0965	 83.2861	 0.1701	 4.6200
0.2656	 -9.3567	 0.0000	 232.2956	 1.0994	 83.2317	 0.1662	 4.6200
0.2656	 -10.3279	 0.0000	 228.8293	 1.1026	 83.1702	 0.1624	 4.6200
0.2656	 -11.3760	 0.0000	 225.1379	 1.1061	 83.1033	 0.1585	 4.6200
0.2656	 -12.4702	 0.0000	 221.3349	 1.1098	 83.0330	 0.1546	 4.6200
0.2656	 -13.5798	 0.0000	 217.5286	 1.1136	 82.9611	 0.1508	 4.6200
0.2656	 -14.6740	 0.0000	 213.8219	 1.1174	 82.8897	 0.1469	 4.6200
0.0260	 -15.7221	 0.0000	 194.6973	 1.1210	 82.8207	 0.1430	 2.5600
0.0260	 -16.6933	 0.0000	 191.6875	 1.1244	 82.7563	 0.1392	 2.5600
0.0260	 -17.5569	 0.0000	 188.8736	 1.1274	 82.6987	 0.1295	 2.5600
0.0260	 -18.2822	 0.0000	 186.5187	 1.1299	 82.6501	 0.1208	 2.5600
0.0260	 -18.8382	 0.0000	 184.7352	 1.1319	 82.6126	 0.1146	 2.5600
0.0260	 -19.1944	 0.0000	 183.6027	 1.1331	 82.5885	 0.1108	 2.5600
0.0260	 -19.3200	 0.0000	 183.2053	 1.1336	 82.5800	 0.1094	 2.5600
0.0260	 -18.7129	 0.0868	 185.1356	 1.1314	 82.6211	 0.1160	 2.5600
0.0260	 -17.1472	 43.0303	 189.7273	 1.1259	 82.7261	 0.1164	 2.5600
0.0260	 -15.0063	 110.7614	 196.0781	 1.1185	 82.8678	 0.1147	 2.5600
0.0260	 -12.6737	 159.1464	 203.1817	 1.1105	 83.0198	 0.1130	 2.5600
0.0260	 -10.5328	 184.8880	 209.8650	 1.1033	 83.1572	 0.1113	 2.5600
0.0260	 -8.9671	 186.2320	 214.8418	 1.0981	 83.2563	 0.1096	 2.5600
0.0260	 -8.3600	 163.0868	 216.7625	 1.0961	 83.2945	 0.1079	 2.5600
0.0260	 -8.5112	 117.0296	 216.2166	 1.0966	 83.2850	 0.1062	 2.5600
0.0260	 -8.9401	 51.1992	 214.7705	 1.0980	 83.2580	 0.1045	 2.5600
0.0260	 -9.6097	 0.9889	 212.5569	 1.1002	 83.2158	 0.1028	 2.5600
0.0260	 -10.4830	 0.0000	 209.7116	 1.1031	 83.1603	 0.1011	 2.5600
0.0260	 -11.5228	 0.0000	 206.3705	 1.1066	 83.0939	 0.0994	 2.5600
0.0260	 -12.6923	 0.0000	 202.6672	 1.1106	 83.0186	 0.0977	 2.5600
0.0260	 -13.9544	 0.0000	 198.7309	 1.1149	 82.9367	 0.0960	 2.5600
0.0260	 -15.2719	 0.0000	 194.6848	 1.1194	 82.8504	 0.0943	 2.5600
0.0260	 -16.6081	 0.0000	 190.6459	 1.1241	 82.7620	 0.0926	 2.5600
0.0260	 -17.9256	 0.0000	 186.7241	 1.1287	 82.6740	 0.0909	 2.5600
0.0000	 -19.1877	 0.0000	 166.4347	 1.1331	 82.5890	 0.0892	 0.7400
0.0000	 -20.3572	 0.0000	 163.3424	 1.1373	 82.5095	 0.0875	 0.7400
0.0000	 -21.3970	 0.0000	 160.6221	 1.1410	 82.4382	 0.0858	 0.7400
0.0000	 -22.2703	 0.0000	 158.2838	 1.1441	 82.3779	 0.0821	 0.7400
0.0000	 -22.9399	 0.0000	 156.4170	 1.1465	 82.3315	 0.0769	 0.7400
0.0000	 -23.3688	 0.0000	 155.2347	 1.1481	 82.3016	 0.0737	 0.7400
0.0000	 -23.5200	 0.0000	 154.8204	 1.1486	 82.2910	 0.0726	 0.7400
0.0000	 -22.9445	 0.1608	 156.4044	 1.1465	 82.3312	 0.0769	 0.7400
0.0000	 -21.4602	 57.8429	 160.2966	 1.1412	 82.4339	 0.0813	 0.7400
0.0000	 -19.4306	 147.4438	 165.5490	 1.1340	 82.5725	 0.0825	 0.7400
0.0000	 -17.2194	 211.4581	 171.4135	 1.1262	 82.7213	 0.0836	 0.7400
0.0000	 -15.1898	 245.5233	 176.9357	 1.1191	 82.8558	 0.0848	 0.7400
0.0000	 -13.7055	 247.3181	 181.0705	 1.1141	 82.9529	 0.0859	 0.7400
0.0000	 -13.1300	 216.7199	 182.7220	 1.1121	 82.9903	 0.0871	 0.7400
0.0000	 -13.1957	 155.8142	 182.5853	 1.1123	 82.9860	 0.0883	 0.7400
0.0000	 -13.3822	 68.7514	 182.1113	 1.1129	 82.9739	 0.0894	 0.7400
0.0000	 -13.6732	 1.4732	 181.3470	 1.1139	 82.9550	 0.0906	 0.7400
0.0000	 -14.0528	 0.0000	 180.3396	 1.1152	 82.9303	 0.0918	 0.7400
0.0000	 -14.5049	 0.0000	 179.1364	 1.1168	 82.9007	 0.0929	 0.7400
0.0000	 -15.0132	 0.0000	 177.7847	 1.1185	 82.8674	 0.0941	 0.7400
0.0000	 -15.5618	 0.0000	 176.3309	 1.1204	 82.8313	 0.0952	 0.7400
0.0000	 -16.1346	 0.0000	 174.8204	 1.1224	 82.7934	 0.0964	 0.7400
0.0000	 -16.7154	 0.0000	 173.2979	 1.1244	 82.7549	 0.0976	 0.7400
0.0000	 -17.2882	 0.0000	 171.8066	 1.1264	 82.7167	 0.0987	 0.7400
0.1042	 -17.8368	 0.0000	 202.8280	 1.1284	 82.6800	 0.0999	 2.0500
0.1042	 -18.3451	 0.0000	 201.2445	 1.1301	 82.6458	 0.1011	 2.0500
0.1042	 -18.7972	 0.0000	 199.8467	 1.1317	 82.6154	 0.1022	 2.0500
0.1042	 -19.1768	 0.0000	 198.6822	 1.1331	 82.5897	 0.1034	 2.0500
0.1042	 -19.4678	 0.0000	 197.7979	 1.1341	 82.5700	 0.1045	 2.0500
0.1042	 -19.6543	 0.0000	 197.2411	 1.1348	 82.5573	 0.1057	 2.0500
0.1042	 -19.7200	 0.0000	 197.0292	 1.1350	 82.5529	 0.1053	 2.0500
0.1042	 -19.4103	 0.1159	 198.0449	 1.1339	 82.5739	 0.1081	 2.0500
0.1042	 -18.6118	 31.7304	 200.5664	 1.1311	 82.6279	 0.1092	 2.0500
0.1042	 -17.5199	 80.1157	 204.0443	 1.1272	 82.7012	 0.1104	 2.0500
0.1042	 -16.3301	 114.6914	 207.8829	 1.1231	 82.7805	 0.1116	 2.0500
0.1042	 -15.2382	 133.1014	 211.4554	 1.1193	 82.8526	 0.1128	 2.0500
0.1042	 -14.4397	 134.0910	 214.1035	 1.1166	 82.9050	 0.1140	 2.0500
0.1042	 -14.1300	 117.5929	 215.1518	 1.1155	 82.9252	 0.1152	 2.0500
0.1042	 -14.1621	 84.7313	 215.0696	 1.1156	 82.9231	 0.1164	 2.0500
0.1042	 -14.2532	 37.7456	 214.7921	 1.1159	 82.9172	 0.1176	 2.0500
0.1042	 -14.3954	 0.9034	 214.3457	 1.1164	 82.9079	 0.1188	 2.0500
0.1042	 -14.5809	 0.0000	 213.7574	 1.1171	 82.8958	 0.1199	 2.0500
0.1042	 -14.8018	 0.0000	 213.0537	 1.1178	 82.8813	 0.1211	 2.0500
0.1042	 -15.0502	 0.0000	 212.2615	 1.1187	 82.8650	 0.1223	 2.0500
0.1042	 -15.3182	 0.0000	 211.4070	 1.1196	 82.8473	 0.1235	 2.0500
0.1042	 -15.5981	 0.0000	 210.5166	 1.1206	 82.8289	 0.1247	 2.0500
0.1042	 -15.8819	 0.0000	 209.6162	 1.1215	 82.8101	 0.1259	 2.0500
0.1042	 -16.1618	 0.0000	 208.7313	 1.1225	 82.7916	 0.1271	 2.0500
0.4083	 -16.4298	 0.0000	 204.1432	 1.1234	 82.7738	 0.1283	 1.8100
0.4083	 -16.6782	 0.0000	 203.3819	 1.1243	 82.7573	 0.1294	 1.8100
0.4083	 -16.8991	 0.0000	 202.7095	 1.1251	 82.7426	 0.1306	 1.8100
0.4083	 -17.0846	 0.0000	 202.1500	 1.1257	 82.7303	 0.1318	 1.8100
0.4083	 -17.2268	 0.0000	 201.7275	 1.1262	 82.7208	 0.1330	 1.8100
0.4083	 -17.3179	 0.0000	 201.4291	 1.1265	 82.7147	 0.1324	 1.8100
0.4083	 -17.3500	 0.0000	 201.3200	 1.1267	 82.7126	 0.1320	 1.8100
0.4083	 -16.9966	 0.1636	 202.5242	 1.1254	 82.7361	 0.1365	 1.8100
0.4083	 -16.0852	 35.3762	 205.5130	 1.1222	 82.7967	 0.1413	 1.8100
0.4083	 -14.8389	 88.4944	 209.5756	 1.1179	 82.8788	 0.1443	 1.8100
0.4083	 -13.4811	 126.4651	 214.0644	 1.1133	 82.9675	 0.1473	 1.8100
0.4083	 -12.2348	 146.7006	 218.2524	 1.1090	 83.0482	 0.1503	 1.8100
0.4083	 -11.3234	 147.8219	 221.3712	 1.1060	 83.1067	 0.1532	 1.8100
0.4083	 -10.9700	 129.7526	 222.6289	 1.1048	 83.1293	 0.1562	 1.8100
0.4083	 -10.9892	 93.7240	 222.6280	 1.1048	 83.1281	 0.1592	 1.8100
0.4083	 -11.0439	 42.1916	 222.5071	 1.1050	 83.1246	 0.1622	 1.8100
0.4083	 -11.1291	 1.1327	 222.2825	 1.1053	 83.1191	 0.1652	 1.8100
0.4083	 -11.2403	 0.0000	 221.9701	 1.1057	 83.1120	 0.1681	 1.8100
0.4083	 -11.3727	 0.0000	 221.5862	 1.1061	 83.1035	 0.1711	 1.8100
0.4083	 -11.5215	 0.0000	 221.1470	 1.1066	 83.0940	 0.1741	 1.8100
0.4083	 -11.6822	 0.0000	 220.6685	 1.1072	 83.0837	 0.1771	 1.8100
0.4083	 -11.8500	 0.0000	 220.1668	 1.1077	 83.0729	 0.1800	 1.8100
0.4083	 -12.0200	 0.0000	 219.6577	 1.1083	 83.0620	 0.1830	 1.8100
0.4083	 -12.1878	 0.0000	 219.1571	 1.1089	 83.0512	 0.1860	 1.8100
0.5740	 -12.3485	 0.0000	 214.9750	 1.1094	 83.0408	 0.1890	 3.1700
0.5740	 -12.4973	 0.0000	 214.5522	 1.1099	 83.0312	 0.1919	 3.1700
0.5740	 -12.6297	 0.0000	 214.1837	 1.1104	 83.0227	 0.1949	 3.1700
0.5740	 -12.7409	 0.0000	 213.8847	 1.1108	 83.0155	 0.1979	 3.1700
0.5740	 -12.8261	 0.0000	 213.6705	 1.1111	 83.0100	 0.2009	 3.1700
0.5740	 -12.8808	 0.0000	 213.4707	 1.1112	 83.0065	 0.1999	 3.1700
0.5740	 -12.9000	 0.0000	 213.4003	 1.1113	 83.0052	 0.1995	 3.1700
0.5740	 -12.4967	 0.2214	 214.8685	 1.1099	 83.0313	 0.2064	 3.1700
0.5740	 -11.4567	 38.8591	 218.2919	 1.1064	 83.0982	 0.2061	 3.1700
0.5740	 -10.0347	 96.3292	 223.0420	 1.1016	 83.1888	 0.2057	 3.1700
0.5740	 -8.4853	 137.4293	 228.3061	 1.0965	 83.2866	 0.2053	 3.1700
0.5740	 -7.0633	 159.3586	 233.2181	 1.0918	 83.3754	 0.2049	 3.1700
0.5740	 -6.0233	 160.6227	 236.8579	 1.0884	 83.4398	 0.2045	 3.1700
0.5740	 -5.6200	 141.1353	 238.2751	 1.0870	 83.4647	 0.2041	 3.1700
0.5740	 -5.7044	 102.2246	 237.9670	 1.0873	 83.4595	 0.2037	 3.1700
0.5740	 -5.9437	 46.5422	 237.1113	 1.0881	 83.4447	 0.2033	 3.1700
0.5740	 -6.3174	 1.4068	 235.7853	 1.0893	 83.4216	 0.2029	 3.1700
0.5740	 -6.8047	 0.0000	 234.0671	 1.0909	 83.3915	 0.2025	 3.1700
0.5740	 -7.3850	 0.0000	 232.0350	 1.0928	 83.3554	 0.2021	 3.1700
0.5740	 -8.0376	 0.0000	 229.7666	 1.0950	 83.3147	 0.2018	 3.1700
0.5740	 -8.7419	 0.0000	 227.3381	 1.0973	 83.2705	 0.2014	 3.1700
0.5740	 -9.4772	 0.0000	 224.8236	 1.0998	 83.2241	 0.2010	 3.1700
0.5740	 -10.2228	 0.0000	 222.2954	 1.1023	 83.1769	 0.2006	 3.1700
0.5740	 -10.9581	 0.0000	 219.8229	 1.1047	 83.1301	 0.2002	 3.1700
0.1656	 -11.6624	 0.0000	 207.8551	 1.1071	 83.0850	 0.1998	 5.8200
0.1656	 -12.3150	 0.0000	 205.7906	 1.1093	 83.0430	 0.1994	 5.8200
0.1656	 -12.8953	 0.0000	 203.9667	 1.1113	 83.0055	 0.1990	 5.8200
0.1656	 -13.3826	 0.0000	 202.2433	 1.1129	 82.9739	 0.1909	 5.8200
0.1656	 -13.7563	 0.0000	 200.9219	 1.1142	 82.9496	 0.1845	 5.8200
0.1656	 -13.9956	 0.0000	 200.0808	 1.1150	 82.9340	 0.1805	 5.8200
0.1656	 -14.0800	 0.0000	 199.7853	 1.1153	 82.9285	 0.1791	 5.8200
0.1656	 -13.4302	 0.3928	 202.0743	 1.1131	 82.9708	 0.1901	 5.8200
0.1656	 -11.7545	 48.3495	 207.3108	 1.1074	 83.0791	 0.1902	 5.8200
0.1656	 -9.4632	 117.7063	 214.5309	 1.0997	 83.2250	 0.1866	 5.8200
0.1656	 -6.9668	 167.2595	 222.6185	 1.0915	 83.3814	 0.1830	 5.8200
0.1656	 -4.6755	 193.6322	 230.2308	 1.0840	 83.5226	 0.1794	 5.8200
0.1656	 -2.9998	 195.0272	 235.8904	 1.0786	 83.6244	 0.1758	 5.8200
0.1656	 -2.3500	 171.3493	 238.0448	 1.0765	 83.6636	 0.1721	 5.8200
0.1656	 -2.5262	 124.2122	 237.3185	 1.0770	 83.6530	 0.1685	 5.8200
0.1656	 -3.0262	 56.8283	 235.4686	 1.0786	 83.6229	 0.1649	 5.8200
0.1656	 -3.8066	 1.8092	 232.6634	 1.0812	 83.5756	 0.1613	 5.8200
0.1656	 -4.8244	 0.0000	 229.0754	 1.0845	 83.5135	 0.1577	 5.8200
0.1656	 -6.0365	 0.0000	 224.8772	 1.0884	 83.4390	 0.1541	 5.8200
0.1656	 -7.3996	 0.0000	 220.2379	 1.0929	 83.3545	 0.1504	 5.8200
0.1656	 -8.8706	 0.0000	 215.3204	 1.0978	 83.2624	 0.1468	 5.8200
0.1656	 -10.4063	 0.0000	 210.2789	 1.1029	 83.1652	 0.1432	 5.8200
0.1656	 -11.9637	 0.0000	 205.2586	 1.1081	 83.0656	 0.1396	 5.8200
0.1656	 -13.4994	 0.0000	 200.3946	 1.1133	 82.9663	 0.1360	 5.8200
0.0010	 -14.9704	 0.0000	 197.9627	 1.1184	 82.8702	 0.1324	 2.1300
0.0010	 -16.3335	 0.0000	 193.7377	 1.1231	 82.7802	 0.1287	 2.1300
0.0010	 -17.5456	 0.0000	 190.0271	 1.1273	 82.6995	 0.1251	 2.1300
0.0010	 -18.5634	 0.0000	 186.8355	 1.1309	 82.6311	 0.1176	 2.1300
0.0010	 -19.3438	 0.0000	 184.3413	 1.1337	 82.5784	 0.1092	 2.1300
0.0010	 -19.8438	 0.0000	 182.7628	 1.1354	 82.5445	 0.1040	 2.1300
0.0010	 -20.0200	 0.0000	 182.2098	 1.1361	 82.5325	 0.1023	 2.1300
0.0010	 -19.4611	 0.4526	 183.9698	 1.1341	 82.5704	 0.1080	 2.1300
0.0010	 -18.0197	 47.8142	 188.1432	 1.1290	 82.6677	 0.1070	 2.1300
0.0010	 -16.0487	 115.4206	 193.9501	 1.1221	 82.7991	 0.1051	 2.1300
0.0010	 -13.9013	 163.7563	 200.4333	 1.1147	 82.9402	 0.1033	 2.1300
0.0010	 -11.9303	 189.5274	 206.5205	 1.1080	 83.0678	 0.1014	 2.1300
0.0010	 -10.4889	 190.9775	 211.0441	 1.1032	 83.1600	 0.0996	 2.1300
0.0010	 -9.9300	 168.0079	 212.7832	 1.1013	 83.1955	 0.0977	 2.1300
0.0010	 -10.0830	 122.1838	 212.2341	 1.1018	 83.1858	 0.0959	 2.1300
0.0010	 -10.5170	 56.6282	 210.7853	 1.1032	 83.1582	 0.0940	 2.1300
0.0010	 -11.1945	 2.0437	 208.5696	 1.1055	 83.1149	 0.0922	 2.1300
0.0010	 -12.0782	 0.0000	 205.7231	 1.1085	 83.0583	 0.0903	 2.1300
0.0010	 -13.1304	 0.0000	 202.3820	 1.1121	 82.9903	 0.0885	 2.1300
0.0010	 -14.3137	 0.0000	 198.6800	 1.1161	 82.9132	 0.0866	 2.1300
0.0010	 -15.5908	 0.0000	 194.7462	 1.1205	 82.8294	 0.0848	 2.1300
0.0010	 -16.9240	 0.0000	 190.7042	 1.1252	 82.7410	 0.0829	 2.1300
0.0010	 -18.2760	 0.0000	 186.6705	 1.1299	 82.6505	 0.0811	 2.1300
0.0010	 -19.6092	 0.0000	 182.7549	 1.1346	 82.5604	 0.0792	 2.1300
0.0000	 -20.8863	 0.0000	 161.7261	 1.1391	 82.4733	 0.0774	 0.3100
0.0000	 -22.0696	 0.0000	 158.6576	 1.1434	 82.3918	 0.0755	 0.3100
0.0000	 -23.1218	 0.0000	 155.9582	 1.1472	 82.3188	 0.0737	 0.3100
0.0000	 -24.0055	 0.0000	 153.6096	 1.1504	 82.2571	 0.0692	 0.3100
0.0000	 -24.6830	 0.0000	 151.7854	 1.1528	 82.2094	 0.0646	 0.3100
0.0000	 -25.1170	 0.0000	 150.6298	 1.1544	 82.1788	 0.0619	 0.3100
0.0000	 -25.2700	 0.0000	 150.2248	 1.1550	 82.1680	 0.0609	 0.3100
0.0000	 -24.6978	 0.8259	 151.7459	 1.1529	 82.2084	 0.0645	 0.3100
0.0000	 -23.2221	 66.5988	 155.4623	 1.1475	 82.3118	 0.0670	 0.3100
0.0000	 -21.2043	 158.0541	 160.5376	 1.1403	 82.4515	 0.0674	 0.3100
0.0000	 -19.0057	 223.3925	 166.2065	 1.1325	 82.6013	 0.0678	 0.3100
0.0000	 -16.9879	 258.1615	 171.5416	 1.1254	 82.7367	 0.0681	 0.3100
0.0000	 -15.5122	 259.9915	 175.5280	 1.1203	 82.8345	 0.0685	 0.3100
0.0000	 -14.9400	 228.7578	 177.1018	 1.1183	 82.8722	 0.0689	 0.3100
0.0000	 -15.0300	 166.5890	 176.8716	 1.1186	 82.8663	 0.0693	 0.3100
0.0000	 -15.2852	 77.7218	 176.1914	 1.1195	 82.8495	 0.0696	 0.3100
0.0000	 -15.6836	 2.9921	 175.1248	 1.1209	 82.8232	 0.0700	 0.3100
0.0000	 -16.2031	 0.0000	 173.7364	 1.1227	 82.7889	 0.0704	 0.3100
0.0000	 -16.8218	 0.0000	 172.0910	 1.1248	 82.7478	 0.0708	 0.3100
0.0000	 -17.5177	 0.0000	 170.2526	 1.1272	 82.7014	 0.0711	 0.3100
0.0000	 -18.2686	 0.0000	 168.2840	 1.1299	 82.6510	 0.0715	 0.3100
0.0000	 -19.0525	 0.0000	 166.2464	 1.1326	 82.5981	 0.0719	 0.3100
0.0000	 -19.8475	 0.0000	 164.1988	 1.1354	 82.5442	 0.0723	 0.3100
0.0000	 -20.6314	 0.0000	 162.1984	 1.1382	 82.4907	 0.0726	 0.3100
0.0000	 -21.3823	 0.0000	 160.7429	 1.1409	 82.4392	 0.0730	 0.4100
0.0000	 -22.0782	 0.0000	 158.9947	 1.1434	 82.3912	 0.0734	 0.4100
0.0000	 -22.6969	 0.0000	 157.4537	 1.1456	 82.3484	 0.0738	 0.4100
0.0000	 -23.2164	 0.0000	 156.1705	 1.1475	 82.3122	 0.0741	 0.4100
0.0000	 -23.6148	 0.0000	 155.1002	 1.1490	 82.2844	 0.0719	 0.4100
0.0000	 -23.8700	 0.0000	 154.4034	 1.1499	 82.2665	 0.0701	 0.4100
0.0000	 -23.9600	 0.0000	 154.1586	 1.1502	 82.2602	 0.0695	 0.4100
0.0000	 -23.4000	 0.9417	 155.6897	 1.1482	 82.2994	 0.0735	 0.4100
0.0000	 -21.9557	 67.3470	 159.4350	 1.1430	 82.3997	 0.0769	 0.4100
0.0000	 -19.9808	 158.5676	 164.5168	 1.1359	 82.5351	 0.0778	 0.4100
0.0000	 -17.8292	 223.7975	 170.1881	 1.1283	 82.6805	 0.0786	 0.4100
0.0000	 -15.8543	 258.5915	 175.5239	 1.1214	 82.8120	 0.0794	 0.4100
0.0000	 -14.4100	 260.5786	 179.5139	 1.1165	 82.9069	 0.0803	 0.4100
0.0000	 -13.8500	 229.6231	 181.0998	 1.1145	 82.9435	 0.0811	 0.4100
0.0000	 -13.9250	 167.8348	 180.9249	 1.1148	 82.9386	 0.0819	 0.4100
0.0000	 -14.1378	 79.4243	 180.3678	 1.1155	 82.9247	 0.0828	 0.4100
0.0000	 -14.4699	 3.4738	 179.4819	 1.1167	 82.9030	 0.0836	 0.4100
0.0000	 -14.9031	 0.0000	 178.3213	 1.1182	 82.8746	 0.0844	 0.4100
0.0000	 -15.4189	 0.0000	 176.9402	 1.1199	 82.8407	 0.0853	 0.4100
0.0000	 -15.9990	 0.0000	 175.3924	 1.1219	 82.8024	 0.0861	 0.4100
0.0000	 -16.6250	 0.0000	 173.7309	 1.1241	 82.7609	 0.0869	 0.4100
0.0000	 -17.2786	 0.0000	 172.0073	 1.1264	 82.7173	 0.0878	 0.4100
0.0000	 -17.9414	 0.0000	 170.2722	 1.1287	 82.6730	 0.0886	 0.4100
0.0000	 -18.5950	 0.0000	 168.5743	 1.1310	 82.6290	 0.0894	 0.4100
