0.1687	 -10.3295	 0.0000	 217.9079	 1.0841	 81.7747	 0.2110	 4.4900
0.1687	 -11.0099	 0.0000	 215.6731	 1.0863	 81.7283	 0.2110	 4.4900
0.1687	 -11.6149	 0.0000	 213.7004	 1.0883	 81.6869	 0.2110	 4.4900
0.1687	 -12.1229	 0.0000	 212.0543	 1.0899	 81.6520	 0.2110	 4.4900
0.1687	 -12.5125	 0.0000	 210.6986	 1.0912	 81.6251	 0.2067	 4.4900
0.1687	 -12.7620	 0.0000	 209.7891	 1.0920	 81.6079	 0.2021	 4.4900
0.1687	 -12.8500	 0.0000	 209.4695	 1.0923	 81.6018	 0.2004	 4.4900
0.1687	 -12.3614	 0.1927	 211.1747	 1.0907	 81.6356	 0.2063	 4.4900
0.1687	 -11.1014	 41.6259	 215.1493	 1.0866	 81.7220	 0.2016	 4.4900
0.1687	 -9.3786	 104.0342	 220.7153	 1.0811	 81.8391	 0.1968	 4.4900
0.1687	 -7.5014	 148.4931	 226.9114	 1.0751	 81.9650	 0.1921	 4.4900
0.1687	 -5.7786	 171.9729	 232.7009	 1.0696	 82.0792	 0.1874	 4.4900
0.1687	 -4.5186	 172.8734	 236.9701	 1.0657	 82.1619	 0.1827	 4.4900
0.1687	 -4.0300	 151.1332	 238.5633	 1.0642	 82.1937	 0.1780	 4.4900
0.1687	 -4.2121	 108.2340	 237.7943	 1.0647	 82.1819	 0.1733	 4.4900
0.1687	 -4.7287	 47.0992	 235.8542	 1.0663	 82.1481	 0.1685	 4.4900
0.1687	 -5.5353	 0.8588	 232.9191	 1.0689	 82.0952	 0.1638	 4.4900
0.1687	 -6.5871	 0.0000	 229.1699	 1.0722	 82.0258	 0.1591	 4.4900
0.1687	 -7.8396	 0.0000	 224.7876	 1.0762	 81.9425	 0.1544	 4.4900
0.1687	 -9.2482	 0.0000	 219.9492	 1.0806	 81.8479	 0.1497	 4.4900
0.1687	 -10.7683	 0.0000	 214.8249	 1.0855	 81.7448	 0.1449	 4.4900
0.1687	 -12.3553	 0.0000	 209.5758	 1.0907	 81.6360	 0.1402	 4.4900
0.1687	 -13.9647	 0.0000	 204.3527	 1.0960	 81.5244	 0.1355	 4.4900
0.1687	 -15.5517	 0.0000	 199.2959	 1.1012	 81.4131	 0.1308	 4.4900
0.0000	 -17.0718	 0.0000	 168.2850	 1.1063	 81.3054	 0.1261	 2.6600
0.0000	 -18.4804	 0.0000	 164.3557	 1.1110	 81.2045	 0.1186	 2.6600
0.0000	 -19.7329	 0.0000	 160.6591	 1.1153	 81.1139	 0.1052	 2.6600
0.0000	 -20.7847	 0.0000	 157.6345	 1.1189	 81.0372	 0.0950	 2.6600
0.0000	 -21.5913	 0.0000	 155.3627	 1.1216	 80.9780	 0.0878	 2.6600
0.0000	 -22.1079	 0.0000	 153.9283	 1.1234	 80.9399	 0.0835	 2.6600
0.0000	 -22.2900	 0.0000	 153.4265	 1.1240	 80.9265	 0.0820	 2.6600
0.0000	 -21.3234	 0.3745	 156.1128	 1.1207	 80.9977	 0.0901	 2.6600
0.0000	 -18.8305	 65.6793	 162.6205	 1.1122	 81.1792	 0.0969	 2.6600
0.0000	 -15.4219	 162.6461	 171.4438	 1.1008	 81.4223	 0.0965	 2.6600
0.0000	 -11.7081	 231.7210	 181.4622	 1.0886	 81.6805	 0.0960	 2.6600
0.0000	 -8.2995	 268.1968	 191.0358	 1.0776	 81.9117	 0.0956	 2.6600
0.0000	 -5.8066	 269.5876	 198.2679	 1.0697	 82.0774	 0.0951	 2.6600
0.0000	 -4.8400	 235.7986	 201.1138	 1.0667	 82.1409	 0.0947	 2.6600
0.0000	 -5.0101	 169.1326	 200.5861	 1.0672	 82.1297	 0.0942	 2.6600
0.0000	 -5.4928	 74.1328	 199.1330	 1.0687	 82.0980	 0.0938	 2.6600
0.0000	 -6.2463	 1.4796	 196.8917	 1.0711	 82.0484	 0.0934	 2.6600
0.0000	 -7.2290	 0.0000	 194.0035	 1.0742	 81.9832	 0.0929	 2.6600
0.0000	 -8.3992	 0.0000	 190.6095	 1.0779	 81.9050	 0.0925	 2.6600
0.0000	 -9.7153	 0.0000	 186.8485	 1.0821	 81.8163	 0.0920	 2.6600
0.0000	 -11.1355	 0.0000	 182.8540	 1.0867	 81.7197	 0.0916	 2.6600
0.0000	 -12.6182	 0.0000	 178.7533	 1.0915	 81.6178	 0.0911	 2.6600
0.0000	 -14.1218	 0.0000	 174.6660	 1.0965	 81.5134	 0.0907	 2.6600
0.0000	 -15.6045	 0.0000	 170.7042	 1.1014	 81.4094	 0.0903	 2.6600
0.0000	 -17.0247	 0.0000	 187.8453	 1.1061	 81.3087	 0.0898	 0.6400
0.0000	 -18.3408	 0.0000	 184.0147	 1.1105	 81.2145	 0.0894	 0.6400
0.0000	 -19.5110	 0.0000	 180.6567	 1.1145	 81.1300	 0.0889	 0.6400
0.0000	 -20.4937	 0.0000	 177.8704	 1.1179	 81.0585	 0.0885	 0.6400
0.0000	 -21.2472	 0.0000	 175.7528	 1.1204	 81.0033	 0.0881	 0.6400
0.0000	 -21.7299	 0.0000	 174.3738	 1.1221	 80.9678	 0.0866	 0.6400
0.0000	 -21.9000	 0.0000	 173.8631	 1.1227	 80.9553	 0.0852	 0.6400
0.0000	 -21.5433	 0.3351	 174.9329	 1.1215	 80.9815	 0.0881	 0.6400
0.0000	 -20.6233	 48.7751	 177.5237	 1.1183	 81.0490	 0.0891	 0.6400
0.0000	 -19.3653	 119.7044	 181.1024	 1.1140	 81.1406	 0.0900	 0.6400
0.0000	 -17.9947	 170.2354	 185.0604	 1.1094	 81.2394	 0.0910	 0.6400
0.0000	 -16.7367	 196.9243	 188.7521	 1.1052	 81.3292	 0.0919	 0.6400
0.0000	 -15.8167	 197.9525	 191.4946	 1.1021	 81.3944	 0.0929	 0.6400
0.0000	 -15.4600	 173.2498	 192.5837	 1.1009	 81.4196	 0.0938	 0.6400
0.0000	 -15.4959	 124.4997	 192.5056	 1.1010	 81.4171	 0.0948	 0.6400
0.0000	 -15.5978	 55.0244	 192.2313	 1.1014	 81.4099	 0.0958	 0.6400
0.0000	 -15.7568	 1.2130	 191.7875	 1.1019	 81.3987	 0.0967	 0.6400
0.0000	 -15.9641	 0.0000	 191.2010	 1.1026	 81.3840	 0.0977	 0.6400
0.0000	 -16.2111	 0.0000	 190.4989	 1.1034	 81.3665	 0.0986	 0.6400
0.0000	 -16.4888	 0.0000	 189.7080	 1.1043	 81.3468	 0.0996	 0.6400
0.0000	 -16.7885	 0.0000	 188.8550	 1.1053	 81.3255	 0.1005	 0.6400
0.0000	 -17.1014	 0.0000	 187.9662	 1.1064	 81.3033	 0.1015	 0.6400
0.0000	 -17.4186	 0.0000	 187.0676	 1.1074	 81.2806	 0.1024	 0.6400
0.0000	 -17.7315	 0.0000	 186.1850	 1.1085	 81.2582	 0.1034	 0.6400
0.0000	 -18.0312	 0.0000	 207.8128	 1.1095	 81.2368	 0.1043	 2.0100
0.0000	 -18.3089	 0.0000	 206.9274	 1.1104	 81.2168	 0.1053	 2.0100
0.0000	 -18.5559	 0.0000	 206.1443	 1.1113	 81.1990	 0.1062	 2.0100
0.0000	 -18.7632	 0.0000	 205.4908	 1.1120	 81.1841	 0.1072	 2.0100
0.0000	 -18.9222	 0.0000	 204.9945	 1.1125	 81.1726	 0.1082	 2.0100
0.0000	 -19.0241	 0.0000	 204.6827	 1.1129	 81.1653	 0.1091	 2.0100
0.0000	 -19.0600	 0.0000	 204.5831	 1.1130	 81.1627	 0.1101	 2.0100
0.0000	 -18.8722	 0.2380	 205.2024	 1.1123	 81.1762	 0.1110	 2.0100
0.0000	 -18.3879	 29.2798	 206.7819	 1.1107	 81.2111	 0.1119	 2.0100
0.0000	 -17.7257	 71.2309	 208.9507	 1.1085	 81.2587	 0.1128	 2.0100
0.0000	 -17.0043	 101.1234	 211.3316	 1.1061	 81.3102	 0.1137	 2.0100
0.0000	 -16.3421	 116.9201	 213.5360	 1.1038	 81.3572	 0.1147	 2.0100
0.0000	 -15.8578	 117.5444	 215.1633	 1.1022	 81.3915	 0.1156	 2.0100
0.0000	 -15.6700	 102.9540	 215.8063	 1.1016	 81.4048	 0.1165	 2.0100
0.0000	 -15.6879	 74.1430	 215.7622	 1.1017	 81.4035	 0.1174	 2.0100
0.0000	 -15.7385	 33.0749	 215.6085	 1.1018	 81.3999	 0.1183	 2.0100
0.0000	 -15.8176	 0.8108	 215.3598	 1.1021	 81.3944	 0.1192	 2.0100
0.0000	 -15.9207	 0.0000	 215.0312	 1.1024	 81.3871	 0.1202	 2.0100
0.0000	 -16.0434	 0.0000	 214.6373	 1.1028	 81.3784	 0.1211	 2.0100
0.0000	 -16.1815	 0.0000	 214.1930	 1.1033	 81.3686	 0.1220	 2.0100
0.0000	 -16.3305	 0.0000	 213.7131	 1.1038	 81.3581	 0.1229	 2.0100
0.0000	 -16.4861	 0.0000	 213.2123	 1.1043	 81.3470	 0.1238	 2.0100
0.0000	 -16.6439	 0.0000	 212.7050	 1.1048	 81.3358	 0.1248	 2.0100
0.0000	 -16.7995	 0.0000	 212.2058	 1.1054	 81.3248	 0.1257	 2.0100
0.0187	 -16.9485	 0.0000	 206.9059	 1.1059	 81.3142	 0.1266	 1.8800
0.0187	 -17.0866	 0.0000	 206.4788	 1.1063	 81.3043	 0.1275	 1.8800
0.0187	 -17.2093	 0.0000	 206.1014	 1.1067	 81.2956	 0.1284	 1.8800
0.0187	 -17.3124	 0.0000	 205.7876	 1.1071	 81.2882	 0.1293	 1.8800
0.0187	 -17.3915	 0.0000	 205.5512	 1.1074	 81.2826	 0.1303	 1.8800
0.0187	 -17.4421	 0.0000	 205.4003	 1.1075	 81.2789	 0.1309	 1.8800
0.0187	 -17.4600	 0.0000	 205.3390	 1.1076	 81.2777	 0.1307	 1.8800
0.0187	 -17.1503	 0.3236	 206.4047	 1.1065	 81.2998	 0.1345	 1.8800
0.0187	 -16.3518	 34.1696	 209.0826	 1.1039	 81.3566	 0.1398	 1.8800
0.0187	 -15.2599	 82.4170	 212.7225	 1.1002	 81.4337	 0.1436	 1.8800
0.0187	 -14.0701	 116.8069	 216.7353	 1.0963	 81.5170	 0.1475	 1.8800
0.0187	 -12.9782	 134.9956	 220.4738	 1.0927	 81.5929	 0.1513	 1.8800
0.0187	 -12.1797	 135.7437	 223.2578	 1.0901	 81.6481	 0.1552	 1.8800
0.0187	 -11.8700	 119.0000	 224.3893	 1.0891	 81.6694	 0.1590	 1.8800
0.0187	 -11.8787	 85.9057	 224.4326	 1.0891	 81.6688	 0.1629	 1.8800
0.0187	 -11.9033	 38.7161	 224.4209	 1.0892	 81.6671	 0.1667	 1.8800
0.0187	 -11.9417	 1.0608	 224.3615	 1.0893	 81.6645	 0.1706	 1.8800
0.0187	 -11.9918	 0.0000	 224.2616	 1.0895	 81.6610	 0.1744	 1.8800
0.0187	 -12.0515	 0.0000	 224.1287	 1.0897	 81.6569	 0.1783	 1.8800
0.0187	 -12.1186	 0.0000	 223.9700	 1.0899	 81.6523	 0.1821	 1.8800
0.0187	 -12.1910	 0.0000	 223.7928	 1.0902	 81.6473	 0.1860	 1.8800
0.0187	 -12.2667	 0.0000	 223.6045	 1.0904	 81.6421	 0.1898	 1.8800
0.0187	 -12.3433	 0.0000	 223.4122	 1.0907	 81.6368	 0.1937	 1.8800
0.0187	 -12.4190	 0.0000	 223.2234	 1.0909	 81.6316	 0.1975	 1.8800
0.2104	 -12.4914	 0.0000	 204.6589	 1.0911	 81.6266	 0.2014	 3.0900
0.2104	 -12.5585	 0.0000	 204.5504	 1.0914	 81.6220	 0.2052	 3.0900
0.2104	 -12.6182	 0.0000	 204.3517	 1.0915	 81.6178	 0.2047	 3.0900
0.2104	 -12.6683	 0.0000	 204.1712	 1.0917	 81.6144	 0.2038	 3.0900
0.2104	 -12.7067	 0.0000	 204.0329	 1.0918	 81.6117	 0.2031	 3.0900
0.2104	 -12.7313	 0.0000	 203.9444	 1.0919	 81.6100	 0.2026	 3.0900
0.2104	 -12.7400	 0.0000	 203.9132	 1.0919	 81.6094	 0.2025	 3.0900
0.2104	 -12.0326	 0.5544	 206.4751	 1.0896	 81.6582	 0.2159	 3.0900
0.2104	 -10.2083	 50.8710	 212.3688	 1.0837	 81.7829	 0.2198	 3.0900
0.2104	 -7.7139	 121.6775	 220.4224	 1.0758	 81.9509	 0.2174	 3.0900
0.2104	 -4.9961	 172.1691	 229.4607	 1.0672	 82.1306	 0.2151	 3.0900
0.2104	 -2.5017	 198.9049	 237.9920	 1.0594	 82.2927	 0.2128	 3.0900
0.2104	 -0.6774	 200.0627	 244.3610	 1.0538	 82.4095	 0.2104	 3.0900
0.2104	 0.0300	 175.5638	 246.8212	 1.0517	 82.4545	 0.2081	 3.0900
0.2104	 -0.1367	 127.0776	 246.1525	 1.0522	 82.4439	 0.2058	 3.0900
0.2104	 -0.6094	 57.9085	 244.3921	 1.0536	 82.4139	 0.2034	 3.0900
0.2104	 -1.3475	 1.7797	 241.7019	 1.0559	 82.3668	 0.2011	 3.0900
0.2104	 -2.3100	 0.0000	 238.2480	 1.0588	 82.3051	 0.1988	 3.0900
0.2104	 -3.4562	 0.0000	 234.1964	 1.0624	 82.2310	 0.1965	 3.0900
0.2104	 -4.7453	 0.0000	 229.7103	 1.0664	 82.1471	 0.1941	 3.0900
0.2104	 -6.1363	 0.0000	 224.9469	 1.0708	 82.0556	 0.1918	 3.0900
0.2104	 -7.5886	 0.0000	 220.0561	 1.0754	 81.9592	 0.1895	 3.0900
0.2104	 -9.0614	 0.0000	 215.1794	 1.0800	 81.8605	 0.1871	 3.0900
0.2104	 -10.5137	 0.0000	 210.4491	 1.0847	 81.7621	 0.1848	 3.0900
0.1156	 -11.9047	 0.0000	 204.2276	 1.0892	 81.6670	 0.1825	 5.5000
0.1156	 -13.1938	 0.0000	 200.1870	 1.0934	 81.5780	 0.1801	 5.5000
0.1156	 -14.3400	 0.0000	 196.5573	 1.0972	 81.4982	 0.1749	 5.5000
0.1156	 -15.3025	 0.0000	 193.2590	 1.1004	 81.4307	 0.1599	 5.5000
0.1156	 -16.0406	 0.0000	 190.7743	 1.1028	 81.3786	 0.1493	 5.5000
0.1156	 -16.5133	 0.0000	 189.2023	 1.1044	 81.3451	 0.1428	 5.5000
0.1156	 -16.6800	 0.0000	 188.6518	 1.1050	 81.3333	 0.1406	 5.5000
0.1156	 -15.6757	 0.7606	 191.9979	 1.1016	 81.4044	 0.1545	 5.5000
0.1156	 -13.0857	 54.3594	 199.9995	 1.0931	 81.5855	 0.1616	 5.5000
0.1156	 -9.5443	 127.8607	 210.9510	 1.0816	 81.8279	 0.1582	 5.5000
0.1156	 -5.6857	 180.2217	 223.3965	 1.0693	 82.0853	 0.1548	 5.5000
0.1156	 -2.1443	 207.8739	 235.2856	 1.0583	 82.3157	 0.1513	 5.5000
0.1156	 0.4457	 208.9330	 244.2439	 1.0504	 82.4808	 0.1479	 5.5000
0.1156	 1.4500	 183.3267	 247.7122	 1.0474	 82.5440	 0.1445	 5.5000
0.1156	 1.2125	 132.8002	 246.7416	 1.0481	 82.5291	 0.1410	 5.5000
0.1156	 0.5389	 60.7966	 244.2203	 1.0501	 82.4866	 0.1376	 5.5000
0.1156	 -0.5128	 1.9631	 240.3882	 1.0533	 82.4200	 0.1342	 5.5000
0.1156	 -1.8843	 0.0000	 235.4935	 1.0575	 82.3324	 0.1308	 5.5000
0.1156	 -3.5175	 0.0000	 229.7842	 1.0626	 82.2270	 0.1273	 5.5000
0.1156	 -5.3542	 0.0000	 223.5018	 1.0683	 82.1071	 0.1239	 5.5000
0.1156	 -7.3364	 0.0000	 216.8759	 1.0746	 81.9760	 0.1205	 5.5000
0.1156	 -9.4058	 0.0000	 210.1212	 1.0812	 81.8373	 0.1171	 5.5000
0.1156	 -11.5042	 0.0000	 203.4350	 1.0879	 81.6945	 0.1136	 5.5000
0.1156	 -13.5736	 0.0000	 196.9972	 1.0947	 81.5516	 0.1102	 5.5000
0.0000	 -15.5558	 0.0000	 181.2418	 1.1012	 81.4128	 0.1068	 2.1900
0.0000	 -17.3925	 0.0000	 176.0350	 1.1074	 81.2825	 0.1034	 2.1900
0.0000	 -19.0257	 0.0000	 171.4866	 1.1129	 81.1651	 0.0999	 2.1900
0.0000	 -20.3972	 0.0000	 167.7165	 1.1175	 81.0655	 0.0965	 2.1900
0.0000	 -21.4489	 0.0000	 164.7034	 1.1211	 80.9885	 0.0890	 2.1900
0.0000	 -22.1225	 0.0000	 162.7616	 1.1235	 80.9388	 0.0833	 2.1900
0.0000	 -22.3600	 0.0000	 162.0833	 1.1243	 80.9213	 0.0814	 2.1900
0.0000	 -21.8642	 1.0179	 163.4904	 1.1226	 80.9579	 0.0851	 2.1900
0.0000	 -20.5857	 65.0579	 166.7898	 1.1182	 81.0518	 0.0840	 2.1900
0.0000	 -18.8374	 151.8300	 171.3958	 1.1122	 81.1787	 0.0829	 2.1900
0.0000	 -16.9326	 213.6861	 176.5256	 1.1058	 81.3153	 0.0818	 2.1900
0.0000	 -15.1843	 246.4107	 181.3307	 1.1000	 81.4390	 0.0807	 2.1900
0.0000	 -13.9058	 247.7737	 184.8949	 1.0958	 81.5285	 0.0796	 2.1900
0.0000	 -13.4100	 217.6822	 186.2648	 1.0941	 81.5630	 0.0785	 2.1900
0.0000	 -13.5366	 158.1869	 185.8608	 1.0946	 81.5542	 0.0774	 2.1900
0.0000	 -13.8956	 73.3423	 184.7964	 1.0957	 81.5292	 0.0763	 2.1900
0.0000	 -14.4561	 2.6761	 183.1674	 1.0976	 81.4901	 0.0752	 2.1900
0.0000	 -15.1871	 0.0000	 181.0718	 1.1000	 81.4388	 0.0741	 2.1900
0.0000	 -16.0575	 0.0000	 178.6078	 1.1029	 81.3774	 0.0730	 2.1900
0.0000	 -17.0365	 0.0000	 175.8720	 1.1062	 81.3079	 0.0719	 2.1900
0.0000	 -18.0929	 0.0000	 172.9581	 1.1097	 81.2323	 0.0708	 2.1900
0.0000	 -19.1958	 0.0000	 169.9565	 1.1134	 81.1528	 0.0697	 2.1900
0.0000	 -20.3142	 0.0000	 166.9533	 1.1172	 81.0716	 0.0686	 2.1900
0.0000	 -21.4171	 0.0000	 164.0303	 1.1210	 80.9908	 0.0675	 2.1900
0.0000	 -22.4735	 0.0000	 160.4252	 1.1247	 80.9129	 0.0664	 0.3600
0.0000	 -23.4525	 0.0000	 157.9037	 1.1281	 80.8401	 0.0653	 0.3600
0.0000	 -24.3229	 0.0000	 155.6823	 1.1311	 80.7749	 0.0642	 0.3600
0.0000	 -25.0539	 0.0000	 153.8007	 1.1336	 80.7199	 0.0623	 0.3600
0.0000	 -25.6144	 0.0000	 152.2997	 1.1356	 80.6775	 0.0588	 0.3600
0.0000	 -25.9734	 0.0000	 151.3466	 1.1369	 80.6503	 0.0567	 0.3600
0.0000	 -26.1000	 0.0000	 151.0122	 1.1373	 80.6406	 0.0560	 0.3600
0.0000	 -25.5882	 1.3059	 152.3696	 1.1355	 80.6795	 0.0590	 0.3600
0.0000	 -24.2682	 68.1128	 155.6866	 1.1309	 80.7790	 0.0605	 0.3600
0.0000	 -22.4633	 156.4690	 160.2490	 1.1246	 80.9136	 0.0608	 0.3600
0.0000	 -20.4967	 219.4057	 165.3321	 1.1179	 81.0583	 0.0612	 0.3600
0.0000	 -18.6918	 252.6338	 170.1041	 1.1117	 81.1892	 0.0615	 0.3600
0.0000	 -17.3718	 253.8890	 173.6627	 1.1073	 81.2840	 0.0619	 0.3600
0.0000	 -16.8600	 223.0856	 175.0659	 1.1056	 81.3205	 0.0622	 0.3600
0.0000	 -16.9398	 162.3229	 174.8626	 1.1058	 81.3148	 0.0626	 0.3600
0.0000	 -17.1661	 75.7418	 174.2614	 1.1066	 81.2986	 0.0629	 0.3600
0.0000	 -17.5195	 2.9405	 173.3183	 1.1078	 81.2734	 0.0633	 0.3600
0.0000	 -17.9803	 0.0000	 172.0899	 1.1093	 81.2404	 0.0636	 0.3600
0.0000	 -18.5290	 0.0000	 170.6331	 1.1112	 81.2010	 0.0640	 0.3600
0.0000	 -19.1462	 0.0000	 169.0040	 1.1133	 81.1564	 0.0643	 0.3600
0.0000	 -19.8122	 0.0000	 167.2581	 1.1155	 81.1081	 0.0647	 0.3600
0.0000	 -20.5075	 0.0000	 165.4492	 1.1179	 81.0575	 0.0650	 0.3600
0.0000	 -21.2125	 0.0000	 163.6297	 1.1203	 81.0059	 0.0654	 0.3600
0.0000	 -21.9078	 0.0000	 161.8502	 1.1227	 80.9547	 0.0658	 0.3600
0.0000	 -22.5738	 0.0000	 158.6269	 1.1250	 80.9054	 0.0661	 0.3200
0.0000	 -23.1910	 0.0000	 157.0888	 1.1271	 80.8596	 0.0665	 0.3200
0.0000	 -23.7397	 0.0000	 155.7321	 1.1291	 80.8186	 0.0668	 0.3200
0.0000	 -24.2005	 0.0000	 154.6015	 1.1307	 80.7841	 0.0672	 0.3200
0.0000	 -24.5539	 0.0000	 153.6683	 1.1319	 80.7576	 0.0655	 0.3200
0.0000	 -24.7802	 0.0000	 153.0585	 1.1327	 80.7405	 0.0640	 0.3200
0.0000	 -24.8600	 0.0000	 152.8442	 1.1330	 80.7345	 0.0635	 0.3200
0.0000	 -24.3149	 1.4920	 154.3151	 1.1311	 80.7755	 0.0671	 0.3200
0.0000	 -22.9092	 70.9426	 157.9239	 1.1262	 80.8805	 0.0700	 0.3200
0.0000	 -20.9871	 161.7766	 162.8446	 1.1195	 81.0224	 0.0708	 0.3200
0.0000	 -18.8929	 226.5359	 168.3329	 1.1124	 81.1747	 0.0717	 0.3200
0.0000	 -16.9708	 260.8073	 173.4939	 1.1059	 81.3126	 0.0726	 0.3200
0.0000	 -15.5651	 262.2552	 177.3521	 1.1013	 81.4122	 0.0734	 0.3200
0.0000	 -15.0200	 230.7809	 178.8865	 1.0994	 81.4505	 0.0743	 0.3200
0.0000	 -15.0880	 168.5294	 178.7334	 1.0997	 81.4458	 0.0752	 0.3200
0.0000	 -15.2810	 79.7430	 178.2361	 1.1003	 81.4322	 0.0761	 0.3200
0.0000	 -15.5822	 3.5075	 177.4425	 1.1013	 81.4110	 0.0769	 0.3200
0.0000	 -15.9750	 0.0000	 176.4010	 1.1026	 81.3832	 0.0778	 0.3200
0.0000	 -16.4429	 0.0000	 175.1602	 1.1042	 81.3501	 0.0787	 0.3200
0.0000	 -16.9690	 0.0000	 173.7683	 1.1059	 81.3127	 0.0795	 0.3200
0.0000	 -17.5367	 0.0000	 172.2728	 1.1078	 81.2722	 0.0804	 0.3200
0.0000	 -18.1295	 0.0000	 170.7202	 1.1098	 81.2297	 0.0813	 0.3200
0.0000	 -18.7305	 0.0000	 169.1560	 1.1119	 81.1864	 0.0822	 0.3200
0.0000	 -19.3233	 0.0000	 167.6244	 1.1139	 81.1436	 0.0830	 0.3200
