0.1531	 -10.5423	 0.0000	 215.6906	 1.0511	 79.2169	 0.2070	 4.5100
0.1531	 -11.2274	 0.0000	 213.4620	 1.0531	 79.1648	 0.2070	 4.5100
0.1531	 -11.8365	 0.0000	 211.4949	 1.0550	 79.1182	 0.2070	 4.5100
0.1531	 -12.3480	 0.0000	 209.8536	 1.0565	 79.0790	 0.2070	 4.5100
0.1531	 -12.7402	 0.0000	 208.4933	 1.0577	 79.0488	 0.2025	 4.5100
0.1531	 -12.9914	 0.0000	 207.5843	 1.0584	 79.0294	 0.1979	 4.5100
0.1531	 -13.0800	 0.0000	 207.2650	 1.0587	 79.0226	 0.1963	 4.5100
0.1531	 -12.5881	 0.1561	 208.9714	 1.0572	 79.0605	 0.2022	 4.5100
0.1531	 -11.3195	 42.7469	 212.9293	 1.0534	 79.1577	 0.1974	 4.5100
0.1531	 -9.5850	 107.8871	 218.4744	 1.0482	 79.2893	 0.1926	 4.5100
0.1531	 -7.6950	 154.3640	 224.6484	 1.0426	 79.4309	 0.1878	 4.5100
0.1531	 -5.9605	 179.0105	 230.4174	 1.0375	 79.5593	 0.1831	 4.5100
0.1531	 -4.6919	 180.1470	 234.6704	 1.0338	 79.6523	 0.1783	 4.5100
0.1531	 -4.2000	 157.6958	 236.2537	 1.0324	 79.6881	 0.1735	 4.5100
0.1531	 -4.3878	 113.1872	 235.4650	 1.0329	 79.6744	 0.1687	 4.5100
0.1531	 -4.9205	 49.6542	 233.4799	 1.0345	 79.6356	 0.1639	 4.5100
0.1531	 -5.7522	 0.9966	 230.4791	 1.0369	 79.5746	 0.1592	 4.5100
0.1531	 -6.8369	 0.0000	 226.6481	 1.0401	 79.4946	 0.1544	 4.5100
0.1531	 -8.1285	 0.0000	 222.1728	 1.0439	 79.3986	 0.1496	 4.5100
0.1531	 -9.5811	 0.0000	 217.2345	 1.0482	 79.2896	 0.1448	 4.5100
0.1531	 -11.1487	 0.0000	 212.0075	 1.0529	 79.1708	 0.1400	 4.5100
0.1531	 -12.7852	 0.0000	 206.6564	 1.0578	 79.0453	 0.1353	 4.5100
0.1531	 -14.4448	 0.0000	 201.3353	 1.0629	 78.9166	 0.1305	 4.5100
0.1531	 -16.0813	 0.0000	 196.1868	 1.0679	 78.7883	 0.1257	 4.5100
0.0000	 -17.6489	 0.0000	 166.3851	 1.0728	 78.6640	 0.1209	 2.6300
0.0000	 -19.1015	 0.0000	 162.3111	 1.0773	 78.5476	 0.1117	 2.6300
0.0000	 -20.3931	 0.0000	 158.5568	 1.0814	 78.4431	 0.0987	 2.6300
0.0000	 -21.4778	 0.0000	 155.4867	 1.0848	 78.3546	 0.0888	 2.6300
0.0000	 -22.3095	 0.0000	 153.1816	 1.0874	 78.2862	 0.0818	 2.6300
0.0000	 -22.8422	 0.0000	 151.7267	 1.0891	 78.2422	 0.0776	 2.6300
0.0000	 -23.0300	 0.0000	 151.2178	 1.0897	 78.2267	 0.0762	 2.6300
0.0000	 -22.0157	 0.3048	 153.9909	 1.0865	 78.3104	 0.0842	 2.6300
0.0000	 -19.4000	 65.8602	 160.7918	 1.0782	 78.5235	 0.0922	 2.6300
0.0000	 -15.8234	 164.6673	 169.9957	 1.0671	 78.8086	 0.0922	 2.6300
0.0000	 -11.9266	 235.1624	 180.4677	 1.0552	 79.1113	 0.0921	 2.6300
0.0000	 -8.3500	 272.5412	 190.4977	 1.0445	 79.3821	 0.0921	 2.6300
0.0000	 -5.7343	 274.2565	 198.0931	 1.0368	 79.5760	 0.0921	 2.6300
0.0000	 -4.7200	 240.1914	 201.0979	 1.0339	 79.6502	 0.0921	 2.6300
0.0000	 -4.8823	 172.6673	 200.6138	 1.0344	 79.6384	 0.0921	 2.6300
0.0000	 -5.3426	 76.2860	 199.2469	 1.0357	 79.6047	 0.0920	 2.6300
0.0000	 -6.0612	 1.6672	 197.1276	 1.0378	 79.5519	 0.0920	 2.6300
0.0000	 -6.9984	 0.0000	 194.3893	 1.0405	 79.4827	 0.0920	 2.6300
0.0000	 -8.1144	 0.0000	 191.1661	 1.0438	 79.3997	 0.0920	 2.6300
0.0000	 -9.3695	 0.0000	 187.5893	 1.0476	 79.3056	 0.0920	 2.6300
0.0000	 -10.7240	 0.0000	 183.7861	 1.0516	 79.2031	 0.0919	 2.6300
0.0000	 -12.1380	 0.0000	 179.8774	 1.0559	 79.0951	 0.0919	 2.6300
0.0000	 -13.5720	 0.0000	 175.9779	 1.0602	 78.9845	 0.0919	 2.6300
0.0000	 -14.9860	 0.0000	 172.1947	 1.0645	 78.8744	 0.0919	 2.6300
0.0000	 -16.3405	 0.0000	 208.8584	 1.0687	 78.7678	 0.0919	 0.6400
0.0000	 -17.5956	 0.0000	 204.8136	 1.0726	 78.6682	 0.0918	 0.6400
0.0000	 -18.7116	 0.0000	 201.2667	 1.0761	 78.5789	 0.0918	 0.6400
0.0000	 -19.6488	 0.0000	 198.3238	 1.0790	 78.5034	 0.0918	 0.6400
0.0000	 -20.3674	 0.0000	 196.0891	 1.0813	 78.4451	 0.0918	 0.6400
0.0000	 -20.8277	 0.0000	 194.6675	 1.0827	 78.4077	 0.0918	 0.6400
0.0000	 -20.9900	 0.0000	 194.1679	 1.0832	 78.3944	 0.0917	 0.6400
0.0000	 -20.7873	 0.1850	 194.8073	 1.0826	 78.4110	 0.0926	 0.6400
0.0000	 -20.2644	 32.4499	 196.4387	 1.0810	 78.4535	 0.0934	 0.6400
0.0000	 -19.5495	 80.3924	 198.6802	 1.0787	 78.5114	 0.0942	 0.6400
0.0000	 -18.7705	 114.6001	 201.1427	 1.0763	 78.5742	 0.0950	 0.6400
0.0000	 -18.0556	 132.7419	 203.4243	 1.0740	 78.6315	 0.0958	 0.6400
0.0000	 -17.5327	 133.5815	 205.1094	 1.0724	 78.6733	 0.0967	 0.6400
0.0000	 -17.3300	 117.0616	 205.7755	 1.0718	 78.6894	 0.0975	 0.6400
0.0000	 -17.3431	 84.3080	 205.7495	 1.0718	 78.6884	 0.0983	 0.6400
0.0000	 -17.3801	 37.5529	 205.6466	 1.0719	 78.6854	 0.0991	 0.6400
0.0000	 -17.4380	 0.9017	 205.4769	 1.0721	 78.6808	 0.0999	 0.6400
0.0000	 -17.5134	 0.0000	 205.2510	 1.0723	 78.6748	 0.1008	 0.6400
0.0000	 -17.6033	 0.0000	 204.9791	 1.0726	 78.6676	 0.1016	 0.6400
0.0000	 -17.7044	 0.0000	 204.6716	 1.0729	 78.6596	 0.1024	 0.6400
0.0000	 -17.8134	 0.0000	 204.3389	 1.0733	 78.6509	 0.1032	 0.6400
0.0000	 -17.9273	 0.0000	 203.9913	 1.0736	 78.6418	 0.1040	 0.6400
0.0000	 -18.0427	 0.0000	 203.6390	 1.0740	 78.6325	 0.1049	 0.6400
0.0000	 -18.1566	 0.0000	 203.2922	 1.0743	 78.6234	 0.1057	 0.6400
0.0000	 -18.2656	 0.0000	 224.3559	 1.0747	 78.6147	 0.1065	 1.9900
0.0000	 -18.3667	 0.0000	 224.0070	 1.0750	 78.6066	 0.1073	 1.9900
0.0000	 -18.4566	 0.0000	 223.6978	 1.0753	 78.5994	 0.1081	 1.9900
0.0000	 -18.5320	 0.0000	 223.4394	 1.0755	 78.5934	 0.1090	 1.9900
0.0000	 -18.5899	 0.0000	 223.2429	 1.0757	 78.5887	 0.1098	 1.9900
0.0000	 -18.6269	 0.0000	 223.1193	 1.0758	 78.5857	 0.1106	 1.9900
0.0000	 -18.6400	 0.0000	 223.0799	 1.0758	 78.5847	 0.1114	 1.9900
0.0000	 -18.5685	 0.0932	 223.3361	 1.0756	 78.5904	 0.1122	 1.9900
0.0000	 -18.3843	 13.5745	 223.9888	 1.0750	 78.6052	 0.1129	 1.9900
0.0000	 -18.1323	 33.3300	 224.8813	 1.0743	 78.6254	 0.1137	 1.9900
0.0000	 -17.8577	 47.4286	 225.8562	 1.0734	 78.6473	 0.1145	 1.9900
0.0000	 -17.6057	 54.9096	 226.7542	 1.0726	 78.6674	 0.1152	 1.9900
0.0000	 -17.4215	 55.2632	 227.4143	 1.0720	 78.6821	 0.1160	 1.9900
0.0000	 -17.3500	 48.4653	 227.6742	 1.0718	 78.6878	 0.1168	 1.9900
0.0000	 -17.3515	 34.9790	 227.6748	 1.0718	 78.6877	 0.1175	 1.9900
0.0000	 -17.3557	 15.7236	 227.6656	 1.0718	 78.6873	 0.1183	 1.9900
0.0000	 -17.3624	 0.4175	 227.6479	 1.0719	 78.6868	 0.1190	 1.9900
0.0000	 -17.3710	 0.0000	 227.6230	 1.0719	 78.6861	 0.1198	 1.9900
0.0000	 -17.3813	 0.0000	 227.5923	 1.0719	 78.6853	 0.1206	 1.9900
0.0000	 -17.3929	 0.0000	 227.5570	 1.0720	 78.6844	 0.1213	 1.9900
0.0000	 -17.4054	 0.0000	 227.5184	 1.0720	 78.6834	 0.1221	 1.9900
0.0000	 -17.4184	 0.0000	 227.4779	 1.0720	 78.6824	 0.1229	 1.9900
0.0000	 -17.4316	 0.0000	 227.4368	 1.0721	 78.6813	 0.1236	 1.9900
0.0000	 -17.4446	 0.0000	 227.3962	 1.0721	 78.6803	 0.1244	 1.9900
0.0010	 -17.4571	 0.0000	 209.6680	 1.0722	 78.6793	 0.1252	 1.8400
0.0010	 -17.4687	 0.0000	 209.6428	 1.0722	 78.6784	 0.1259	 1.8400
0.0010	 -17.4790	 0.0000	 209.6217	 1.0722	 78.6775	 0.1267	 1.8400
0.0010	 -17.4876	 0.0000	 209.6061	 1.0723	 78.6768	 0.1274	 1.8400
0.0010	 -17.4943	 0.0000	 209.5969	 1.0723	 78.6763	 0.1282	 1.8400
0.0010	 -17.4985	 0.0000	 209.5956	 1.0723	 78.6760	 0.1290	 1.8400
0.0010	 -17.5000	 0.0000	 209.6032	 1.0723	 78.6759	 0.1297	 1.8400
0.0010	 -17.2507	 0.2446	 210.4778	 1.0715	 78.6957	 0.1333	 1.8400
0.0010	 -16.6079	 30.1012	 212.6665	 1.0695	 78.7467	 0.1376	 1.8400
0.0010	 -15.7289	 73.2650	 215.6534	 1.0668	 78.8161	 0.1415	 1.8400
0.0010	 -14.7711	 104.0790	 218.9371	 1.0639	 78.8912	 0.1455	 1.8400
0.0010	 -13.8921	 120.4432	 221.9890	 1.0612	 78.9597	 0.1494	 1.8400
0.0010	 -13.2493	 121.2424	 224.2584	 1.0592	 79.0095	 0.1533	 1.8400
0.0010	 -13.0000	 106.4222	 225.1830	 1.0585	 79.0287	 0.1573	 1.8400
0.0010	 -13.0007	 76.9924	 225.2456	 1.0585	 79.0287	 0.1612	 1.8400
0.0010	 -13.0027	 34.9588	 225.3034	 1.0585	 79.0285	 0.1652	 1.8400
0.0010	 -13.0058	 1.0320	 225.3570	 1.0585	 79.0283	 0.1691	 1.8400
0.0010	 -13.0098	 0.0000	 225.4070	 1.0585	 79.0280	 0.1730	 1.8400
0.0010	 -13.0146	 0.0000	 225.4539	 1.0585	 79.0276	 0.1770	 1.8400
0.0010	 -13.0200	 0.0000	 225.4985	 1.0585	 79.0272	 0.1809	 1.8400
0.0010	 -13.0258	 0.0000	 225.5412	 1.0586	 79.0267	 0.1848	 1.8400
0.0010	 -13.0319	 0.0000	 225.5826	 1.0586	 79.0263	 0.1888	 1.8400
0.0010	 -13.0381	 0.0000	 225.6235	 1.0586	 79.0258	 0.1927	 1.8400
0.0010	 -13.0442	 0.0000	 225.6643	 1.0586	 79.0253	 0.1966	 1.8400
0.3125	 -13.0500	 0.0000	 201.4739	 1.0586	 79.0249	 0.1968	 3.0700
0.3125	 -13.0554	 0.0000	 201.4546	 1.0586	 79.0245	 0.1967	 3.0700
0.3125	 -13.0602	 0.0000	 201.4375	 1.0587	 79.0241	 0.1966	 3.0700
0.3125	 -13.0642	 0.0000	 201.4232	 1.0587	 79.0238	 0.1966	 3.0700
0.3125	 -13.0673	 0.0000	 201.4122	 1.0587	 79.0235	 0.1965	 3.0700
0.3125	 -13.0693	 0.0000	 201.4051	 1.0587	 79.0234	 0.1965	 3.0700
0.3125	 -13.0700	 0.0000	 201.4027	 1.0587	 79.0233	 0.1965	 3.0700
0.3125	 -12.2507	 0.4931	 204.3446	 1.0562	 79.0864	 0.2117	 3.0700
0.3125	 -10.1379	 52.0745	 211.1631	 1.0499	 79.2475	 0.2177	 3.0700
0.3125	 -7.2489	 125.6693	 220.4366	 1.0413	 79.4641	 0.2145	 3.0700
0.3125	 -4.1011	 178.2301	 230.8919	 1.0321	 79.6953	 0.2113	 3.0700
0.3125	 -1.2121	 206.1752	 240.8020	 1.0238	 79.9032	 0.2080	 3.0700
0.3125	 0.9007	 207.6000	 248.2210	 1.0178	 80.0528	 0.2048	 3.0700
0.3125	 1.7200	 182.4075	 251.0799	 1.0155	 80.1103	 0.2016	 3.0700
0.3125	 1.5189	 132.3146	 250.2474	 1.0161	 80.0962	 0.1983	 3.0700
0.3125	 0.9486	 60.7349	 248.0853	 1.0177	 80.0562	 0.1951	 3.0700
0.3125	 0.0581	 2.0005	 244.7948	 1.0202	 79.9934	 0.1918	 3.0700
0.3125	 -1.1031	 0.0000	 240.5834	 1.0235	 79.9110	 0.1886	 3.0700
0.3125	 -2.4860	 0.0000	 235.6584	 1.0274	 79.8121	 0.1854	 3.0700
0.3125	 -4.0412	 0.0000	 230.2224	 1.0319	 79.6997	 0.1821	 3.0700
0.3125	 -5.7195	 0.0000	 224.4697	 1.0368	 79.5771	 0.1789	 3.0700
0.3125	 -7.4716	 0.0000	 218.5836	 1.0419	 79.4476	 0.1757	 3.0700
0.3125	 -9.2484	 0.0000	 212.7349	 1.0472	 79.3147	 0.1724	 3.0700
0.3125	 -11.0005	 0.0000	 207.0814	 1.0524	 79.1820	 0.1692	 3.0700
0.0208	 -12.6788	 0.0000	 201.2240	 1.0575	 79.0535	 0.1660	 5.5000
0.0208	 -14.2340	 0.0000	 196.3983	 1.0622	 78.9331	 0.1627	 5.5000
0.0208	 -15.6169	 0.0000	 192.0550	 1.0665	 78.8249	 0.1553	 5.5000
0.0208	 -16.7781	 0.0000	 188.1889	 1.0701	 78.7332	 0.1393	 5.5000
0.0208	 -17.6686	 0.0000	 185.2856	 1.0728	 78.6624	 0.1281	 5.5000
0.0208	 -18.2389	 0.0000	 183.4529	 1.0746	 78.6169	 0.1213	 5.5000
0.0208	 -18.4400	 0.0000	 182.8117	 1.0752	 78.6007	 0.1190	 5.5000
0.0208	 -17.3421	 0.6777	 186.3440	 1.0718	 78.6884	 0.1321	 5.5000
0.0208	 -14.5107	 54.6345	 194.9459	 1.0631	 78.9115	 0.1409	 5.5000
0.0208	 -10.6391	 129.6146	 206.7337	 1.0514	 79.2095	 0.1381	 5.5000
0.0208	 -6.4209	 183.1119	 220.1836	 1.0389	 79.5254	 0.1353	 5.5000
0.0208	 -2.5493	 211.4804	 233.0868	 1.0276	 79.8075	 0.1325	 5.5000
0.0208	 0.2821	 212.7870	 242.8488	 1.0196	 80.0092	 0.1297	 5.5000
0.0208	 1.3800	 186.9425	 246.6532	 1.0165	 80.0865	 0.1268	 5.5000
0.0208	 1.1364	 135.7084	 245.6819	 1.0171	 80.0694	 0.1240	 5.5000
0.0208	 0.4455	 62.5760	 243.1262	 1.0191	 80.0208	 0.1212	 5.5000
0.0208	 -0.6330	 2.1610	 239.2317	 1.0221	 79.9445	 0.1184	 5.5000
0.0208	 -2.0397	 0.0000	 234.2528	 1.0262	 79.8441	 0.1156	 5.5000
0.0208	 -3.7147	 0.0000	 228.4441	 1.0310	 79.7233	 0.1127	 5.5000
0.0208	 -5.5986	 0.0000	 222.0527	 1.0364	 79.5859	 0.1099	 5.5000
0.0208	 -7.6315	 0.0000	 215.3141	 1.0424	 79.4357	 0.1071	 5.5000
0.0208	 -9.7539	 0.0000	 208.4476	 1.0487	 79.2766	 0.1043	 5.5000
0.0208	 -11.9061	 0.0000	 201.6546	 1.0552	 79.1129	 0.1015	 5.5000
0.0208	 -14.0285	 0.0000	 195.1182	 1.0616	 78.9491	 0.0987	 5.5000
0.0000	 -16.0614	 0.0000	 183.9628	 1.0678	 78.7899	 0.0958	 2.2000
0.0000	 -17.9453	 0.0000	 178.5602	 1.0737	 78.6403	 0.0930	 2.2000
0.0000	 -19.6203	 0.0000	 173.8465	 1.0789	 78.5057	 0.0902	 2.2000
0.0000	 -21.0270	 0.0000	 169.9460	 1.0834	 78.3914	 0.0874	 2.2000
0.0000	 -22.1055	 0.0000	 166.9440	 1.0868	 78.3030	 0.0835	 2.2000
0.0000	 -22.7964	 0.0000	 164.9455	 1.0890	 78.2460	 0.0780	 2.2000
0.0000	 -23.0400	 0.0000	 164.2473	 1.0898	 78.2259	 0.0761	 2.2000
0.0000	 -22.6334	 0.8506	 165.3780	 1.0885	 78.2595	 0.0781	 2.2000
0.0000	 -21.5848	 60.8156	 168.1270	 1.0851	 78.3458	 0.0773	 2.2000
0.0000	 -20.1511	 143.1299	 171.9508	 1.0806	 78.4627	 0.0765	 2.2000
0.0000	 -18.5889	 201.8990	 176.1933	 1.0757	 78.5888	 0.0757	 2.2000
0.0000	 -17.1552	 233.1176	 180.1533	 1.0712	 78.7033	 0.0749	 2.2000
0.0000	 -16.1066	 234.6585	 183.0835	 1.0680	 78.7863	 0.0740	 2.2000
0.0000	 -15.7000	 206.4165	 184.2115	 1.0667	 78.8183	 0.0732	 2.2000
0.0000	 -15.8019	 150.3163	 183.8920	 1.0670	 78.8103	 0.0724	 2.2000
0.0000	 -16.0911	 70.1810	 183.0408	 1.0679	 78.7875	 0.0716	 2.2000
0.0000	 -16.5425	 2.7248	 181.7340	 1.0693	 78.7519	 0.0708	 2.2000
0.0000	 -17.1312	 0.0000	 180.0490	 1.0711	 78.7052	 0.0700	 2.2000
0.0000	 -17.8322	 0.0000	 178.0632	 1.0733	 78.6494	 0.0691	 2.2000
0.0000	 -18.6206	 0.0000	 175.8531	 1.0758	 78.5863	 0.0683	 2.2000
0.0000	 -19.4714	 0.0000	 173.4934	 1.0785	 78.5177	 0.0675	 2.2000
0.0000	 -20.3596	 0.0000	 171.0564	 1.0813	 78.4458	 0.0667	 2.2000
0.0000	 -21.2604	 0.0000	 168.6119	 1.0841	 78.3723	 0.0659	 2.2000
0.0000	 -22.1486	 0.0000	 166.2266	 1.0869	 78.2995	 0.0651	 2.2000
0.0000	 -22.9994	 0.0000	 163.4590	 1.0896	 78.2292	 0.0643	 0.3400
0.0000	 -23.7878	 0.0000	 161.3877	 1.0922	 78.1638	 0.0634	 0.3400
0.0000	 -24.4888	 0.0000	 159.5594	 1.0944	 78.1052	 0.0626	 0.3400
0.0000	 -25.0775	 0.0000	 158.0318	 1.0963	 78.0559	 0.0618	 0.3400
0.0000	 -25.5289	 0.0000	 156.8080	 1.0978	 78.0179	 0.0594	 0.3400
0.0000	 -25.8181	 0.0000	 156.0229	 1.0987	 77.9934	 0.0576	 0.3400
0.0000	 -25.9200	 0.0000	 155.7471	 1.0991	 77.9848	 0.0570	 0.3400
0.0000	 -25.5068	 1.1005	 156.8684	 1.0977	 78.0197	 0.0595	 0.3400
0.0000	 -24.4410	 63.3485	 159.5969	 1.0943	 78.1092	 0.0601	 0.3400
0.0000	 -22.9838	 146.7123	 163.3703	 1.0896	 78.2305	 0.0604	 0.3400
0.0000	 -21.3962	 206.1850	 167.5563	 1.0845	 78.3612	 0.0608	 0.3400
0.0000	 -19.9390	 237.7135	 171.4696	 1.0799	 78.4799	 0.0611	 0.3400
0.0000	 -18.8732	 239.1493	 174.3780	 1.0766	 78.5660	 0.0615	 0.3400
0.0000	 -18.4600	 210.3945	 175.5235	 1.0753	 78.5991	 0.0618	 0.3400
0.0000	 -18.5224	 153.4087	 175.3646	 1.0755	 78.5941	 0.0622	 0.3400
0.0000	 -18.6995	 72.0754	 174.8914	 1.0760	 78.5799	 0.0625	 0.3400
0.0000	 -18.9760	 2.9700	 174.1474	 1.0769	 78.5577	 0.0629	 0.3400
0.0000	 -19.3366	 0.0000	 173.1769	 1.0780	 78.5286	 0.0633	 0.3400
0.0000	 -19.7660	 0.0000	 172.0241	 1.0794	 78.4939	 0.0636	 0.3400
0.0000	 -20.2489	 0.0000	 170.7330	 1.0809	 78.4548	 0.0640	 0.3400
0.0000	 -20.7701	 0.0000	 169.3469	 1.0825	 78.4124	 0.0643	 0.3400
0.0000	 -21.3141	 0.0000	 167.9082	 1.0843	 78.3679	 0.0647	 0.3400
0.0000	 -21.8659	 0.0000	 166.4585	 1.0860	 78.3227	 0.0650	 0.3400
0.0000	 -22.4099	 0.0000	 165.0382	 1.0878	 78.2779	 0.0654	 0.3400
0.0000	 -22.9311	 0.0000	 160.1419	 1.0894	 78.2349	 0.0657	 0.3200
0.0000	 -23.4140	 0.0000	 158.9262	 1.0910	 78.1948	 0.0661	 0.3200
0.0000	 -23.8434	 0.0000	 157.8524	 1.0924	 78.1591	 0.0664	 0.3200
0.0000	 -24.2040	 0.0000	 156.9568	 1.0935	 78.1290	 0.0668	 0.3200
0.0000	 -24.4805	 0.0000	 156.2342	 1.0944	 78.1059	 0.0660	 0.3200
0.0000	 -24.6576	 0.0000	 155.7509	 1.0950	 78.0911	 0.0648	 0.3200
0.0000	 -24.7200	 0.0000	 155.5809	 1.0952	 78.0859	 0.0644	 0.3200
0.0000	 -24.2530	 1.3095	 156.8573	 1.0937	 78.1249	 0.0675	 0.3200
0.0000	 -23.0487	 68.3284	 159.9706	 1.0898	 78.2251	 0.0694	 0.3200
0.0000	 -21.4021	 157.0649	 164.2362	 1.0846	 78.3607	 0.0701	 0.3200
0.0000	 -19.6079	 220.4266	 168.9779	 1.0789	 78.5067	 0.0709	 0.3200
0.0000	 -17.9613	 254.0955	 173.4219	 1.0737	 78.6391	 0.0717	 0.3200
0.0000	 -16.7570	 255.7770	 176.7347	 1.0700	 78.7349	 0.0724	 0.3200
0.0000	 -16.2900	 225.3567	 178.0496	 1.0685	 78.7718	 0.0732	 0.3200
0.0000	 -16.3468	 164.9075	 177.9214	 1.0687	 78.7673	 0.0739	 0.3200
0.0000	 -16.5081	 78.5491	 177.5053	 1.0692	 78.7546	 0.0747	 0.3200
0.0000	 -16.7599	 3.6499	 176.8410	 1.0700	 78.7347	 0.0755	 0.3200
0.0000	 -17.0882	 0.0000	 175.9688	 1.0710	 78.7086	 0.0762	 0.3200
0.0000	 -17.4792	 0.0000	 174.9289	 1.0722	 78.6775	 0.0770	 0.3200
0.0000	 -17.9189	 0.0000	 173.7614	 1.0736	 78.6424	 0.0778	 0.3200
0.0000	 -18.3934	 0.0000	 172.5057	 1.0751	 78.6045	 0.0785	 0.3200
0.0000	 -18.8888	 0.0000	 171.2008	 1.0766	 78.5647	 0.0793	 0.3200
0.0000	 -19.3912	 0.0000	 169.8846	 1.0782	 78.5242	 0.0800	 0.3200
0.0000	 -19.8866	 0.0000	 168.5944	 1.0798	 78.4842	 0.0808	 0.3200
