0.4312	 -11.7495	 0.0000	 212.9590	 1.0650	 79.8978	 0.1866	 4.5300
0.4312	 -12.4245	 0.0000	 210.7794	 1.0671	 79.8476	 0.1866	 4.5300
0.4312	 -13.0247	 0.0000	 208.8554	 1.0689	 79.8028	 0.1866	 4.5300
0.4312	 -13.5287	 0.0000	 207.2499	 1.0705	 79.7650	 0.1866	 4.5300
0.4312	 -13.9152	 0.0000	 205.9126	 1.0717	 79.7359	 0.1818	 4.5300
0.4312	 -14.1627	 0.0000	 205.0347	 1.0725	 79.7173	 0.1777	 4.5300
0.4312	 -14.2500	 0.0000	 204.7262	 1.0728	 79.7107	 0.1763	 4.5300
0.4312	 -13.7653	 0.1132	 206.4019	 1.0712	 79.7472	 0.1825	 4.5300
0.4312	 -12.5153	 40.7257	 210.2887	 1.0674	 79.8408	 0.1783	 4.5300
0.4312	 -10.8061	 103.8172	 215.7281	 1.0621	 79.9675	 0.1742	 4.5300
0.4312	 -8.9439	 148.9020	 221.7823	 1.0564	 80.1039	 0.1700	 4.5300
0.4312	 -7.2347	 172.9074	 227.4403	 1.0512	 80.2275	 0.1659	 4.5300
0.4312	 -5.9847	 174.1976	 231.6157	 1.0475	 80.3171	 0.1617	 4.5300
0.4312	 -5.5000	 152.6846	 233.1812	 1.0460	 80.3516	 0.1576	 4.5300
0.4312	 -5.6796	 109.8346	 232.4463	 1.0466	 80.3388	 0.1535	 4.5300
0.4312	 -6.1892	 48.5676	 230.5755	 1.0481	 80.3025	 0.1493	 4.5300
0.4312	 -6.9846	 1.0671	 227.7394	 1.0505	 80.2455	 0.1452	 4.5300
0.4312	 -8.0221	 0.0000	 224.1133	 1.0536	 80.1708	 0.1410	 4.5300
0.4312	 -9.2574	 0.0000	 219.8722	 1.0574	 80.0811	 0.1369	 4.5300
0.4312	 -10.6468	 0.0000	 215.1878	 1.0616	 79.9793	 0.1327	 4.5300
0.4312	 -12.1461	 0.0000	 210.2250	 1.0662	 79.8683	 0.1286	 4.5300
0.4312	 -13.7114	 0.0000	 205.1400	 1.0711	 79.7512	 0.1244	 4.5300
0.4312	 -15.2986	 0.0000	 200.0793	 1.0760	 79.6312	 0.1203	 4.5300
0.4312	 -16.8639	 0.0000	 195.1789	 1.0810	 79.5116	 0.1162	 4.5300
0.0000	 -18.3632	 0.0000	 164.4599	 1.0858	 79.3957	 0.1120	 2.6100
0.0000	 -19.7526	 0.0000	 160.6566	 1.0902	 79.2873	 0.1050	 2.6100
0.0000	 -20.9879	 0.0000	 157.1123	 1.0942	 79.1899	 0.0931	 2.6100
0.0000	 -22.0254	 0.0000	 154.2097	 1.0976	 79.1075	 0.0841	 2.6100
0.0000	 -22.8208	 0.0000	 152.0278	 1.1002	 79.0439	 0.0778	 2.6100
0.0000	 -23.3304	 0.0000	 150.6496	 1.1019	 79.0030	 0.0740	 2.6100
0.0000	 -23.5100	 0.0000	 150.1673	 1.1025	 78.9885	 0.0727	 2.6100
0.0000	 -22.5583	 0.2355	 152.7437	 1.0993	 79.0649	 0.0798	 2.6100
0.0000	 -20.1041	 64.4828	 159.0422	 1.0914	 79.2596	 0.0863	 2.6100
0.0000	 -16.7482	 162.8095	 167.5825	 1.0806	 79.5205	 0.0858	 2.6100
0.0000	 -13.0918	 233.0699	 177.2757	 1.0691	 79.7977	 0.0854	 2.6100
0.0000	 -9.7359	 270.4759	 186.5349	 1.0588	 80.0461	 0.0849	 2.6100
0.0000	 -7.2817	 272.4782	 193.5270	 1.0514	 80.2242	 0.0845	 2.6100
0.0000	 -6.3300	 238.9405	 196.2776	 1.0485	 80.2924	 0.0841	 2.6100
0.0000	 -6.4996	 172.1483	 195.7610	 1.0490	 80.2803	 0.0836	 2.6100
0.0000	 -6.9805	 76.6533	 194.3388	 1.0505	 80.2458	 0.0832	 2.6100
0.0000	 -7.7314	 1.8255	 192.1456	 1.0527	 80.1918	 0.0828	 2.6100
0.0000	 -8.7106	 0.0000	 189.3195	 1.0557	 80.1209	 0.0823	 2.6100
0.0000	 -9.8767	 0.0000	 185.9987	 1.0592	 80.0358	 0.0819	 2.6100
0.0000	 -11.1881	 0.0000	 182.3190	 1.0633	 79.9393	 0.0814	 2.6100
0.0000	 -12.6034	 0.0000	 178.4110	 1.0676	 79.8342	 0.0810	 2.6100
0.0000	 -14.0809	 0.0000	 174.3993	 1.0722	 79.7234	 0.0806	 2.6100
0.0000	 -15.5791	 0.0000	 170.4010	 1.0769	 79.6099	 0.0801	 2.6100
0.0000	 -17.0566	 0.0000	 166.5255	 1.0816	 79.4967	 0.0797	 2.6100
0.0000	 -18.4719	 0.0000	 180.4240	 1.0861	 79.3873	 0.0793	 0.6500
0.0000	 -19.7833	 0.0000	 176.7354	 1.0903	 79.2848	 0.0788	 0.6500
0.0000	 -20.9494	 0.0000	 173.5018	 1.0941	 79.1930	 0.0784	 0.6500
0.0000	 -21.9286	 0.0000	 170.8187	 1.0973	 79.1152	 0.0779	 0.6500
0.0000	 -22.6795	 0.0000	 168.7794	 1.0997	 79.0552	 0.0775	 0.6500
0.0000	 -23.1604	 0.0000	 167.4228	 1.1013	 79.0166	 0.0752	 0.6500
0.0000	 -23.3300	 0.0000	 166.9327	 1.1019	 79.0030	 0.0740	 0.6500
0.0000	 -22.9422	 0.2335	 168.0559	 1.1006	 79.0342	 0.0769	 0.6500
0.0000	 -21.9422	 50.4698	 170.7962	 1.0973	 79.1141	 0.0784	 0.6500
0.0000	 -20.5749	 126.2413	 174.5597	 1.0929	 79.2226	 0.0793	 0.6500
0.0000	 -19.0851	 180.3888	 178.7282	 1.0881	 79.3395	 0.0802	 0.6500
0.0000	 -17.7178	 209.2223	 182.6217	 1.0837	 79.4457	 0.0811	 0.6500
0.0000	 -16.7178	 210.7767	 185.5169	 1.0805	 79.5228	 0.0820	 0.6500
0.0000	 -16.3300	 184.9463	 186.6665	 1.0793	 79.5525	 0.0829	 0.6500
0.0000	 -16.3701	 133.4912	 186.5792	 1.0794	 79.5495	 0.0838	 0.6500
0.0000	 -16.4838	 59.9181	 186.2788	 1.0798	 79.5407	 0.0847	 0.6500
0.0000	 -16.6614	 1.5601	 185.7944	 1.0804	 79.5271	 0.0856	 0.6500
0.0000	 -16.8929	 0.0000	 185.1553	 1.0811	 79.5093	 0.0864	 0.6500
0.0000	 -17.1687	 0.0000	 184.3909	 1.0820	 79.4881	 0.0873	 0.6500
0.0000	 -17.4788	 0.0000	 183.5305	 1.0829	 79.4642	 0.0882	 0.6500
0.0000	 -17.8135	 0.0000	 182.6031	 1.0840	 79.4383	 0.0891	 0.6500
0.0000	 -18.1629	 0.0000	 181.6373	 1.0851	 79.4113	 0.0900	 0.6500
0.0000	 -18.5171	 0.0000	 180.6614	 1.0863	 79.3838	 0.0909	 0.6500
0.0000	 -18.8665	 0.0000	 179.7032	 1.0874	 79.3565	 0.0918	 0.6500
0.0000	 -19.2012	 0.0000	 200.1643	 1.0885	 79.3304	 0.0927	 1.9800
0.0000	 -19.5113	 0.0000	 199.2074	 1.0895	 79.3062	 0.0936	 1.9800
0.0000	 -19.7871	 0.0000	 198.3614	 1.0903	 79.2846	 0.0945	 1.9800
0.0000	 -20.0186	 0.0000	 197.6556	 1.0911	 79.2664	 0.0954	 1.9800
0.0000	 -20.1962	 0.0000	 197.1195	 1.0917	 79.2524	 0.0963	 1.9800
0.0000	 -20.3099	 0.0000	 196.7827	 1.0920	 79.2434	 0.0972	 1.9800
0.0000	 -20.3500	 0.0000	 196.6748	 1.0922	 79.2403	 0.0980	 1.9800
0.0000	 -20.1373	 0.1830	 197.3500	 1.0915	 79.2570	 0.0988	 1.9800
0.0000	 -19.5887	 32.1034	 199.0770	 1.0897	 79.3001	 0.0995	 1.9800
0.0000	 -18.8386	 79.5703	 201.4517	 1.0873	 79.3587	 0.1003	 1.9800
0.0000	 -18.0214	 113.4976	 204.0618	 1.0847	 79.4222	 0.1010	 1.9800
0.0000	 -17.2713	 131.5732	 206.4809	 1.0823	 79.4802	 0.1018	 1.9800
0.0000	 -16.7227	 132.5652	 208.2674	 1.0805	 79.5224	 0.1025	 1.9800
0.0000	 -16.5100	 116.4061	 208.9721	 1.0799	 79.5387	 0.1033	 1.9800
0.0000	 -16.5340	 84.1971	 208.9084	 1.0799	 79.5369	 0.1040	 1.9800
0.0000	 -16.6022	 38.1332	 208.7014	 1.0802	 79.5317	 0.1048	 1.9800
0.0000	 -16.7087	 1.0927	 208.3703	 1.0805	 79.5235	 0.1055	 1.9800
0.0000	 -16.8475	 0.0000	 207.9349	 1.0809	 79.5128	 0.1063	 1.9800
0.0000	 -17.0128	 0.0000	 207.4145	 1.0815	 79.5001	 0.1070	 1.9800
0.0000	 -17.1987	 0.0000	 206.8286	 1.0821	 79.4858	 0.1078	 1.9800
0.0000	 -17.3993	 0.0000	 206.1965	 1.0827	 79.4703	 0.1085	 1.9800
0.0000	 -17.6088	 0.0000	 205.5376	 1.0834	 79.4542	 0.1093	 1.9800
0.0000	 -17.8212	 0.0000	 204.8708	 1.0840	 79.4377	 0.1100	 1.9800
0.0000	 -18.0307	 0.0000	 204.2149	 1.0847	 79.4215	 0.1107	 1.9800
0.0375	 -18.2313	 0.0000	 200.8403	 1.0853	 79.4060	 0.1115	 1.8000
0.0375	 -18.4172	 0.0000	 200.2715	 1.0859	 79.3915	 0.1122	 1.8000
0.0375	 -18.5825	 0.0000	 199.7684	 1.0865	 79.3787	 0.1130	 1.8000
0.0375	 -18.7213	 0.0000	 199.3490	 1.0869	 79.3679	 0.1137	 1.8000
0.0375	 -18.8278	 0.0000	 199.0313	 1.0873	 79.3596	 0.1145	 1.8000
0.0375	 -18.8960	 0.0000	 198.8085	 1.0875	 79.3543	 0.1140	 1.8000
0.0375	 -18.9200	 0.0000	 198.7283	 1.0876	 79.3524	 0.1137	 1.8000
0.0375	 -18.5899	 0.2414	 199.8316	 1.0865	 79.3781	 0.1174	 1.8000
0.0375	 -17.7384	 35.1593	 202.6296	 1.0838	 79.4441	 0.1234	 1.8000
0.0375	 -16.5742	 86.3705	 206.4116	 1.0801	 79.5338	 0.1271	 1.8000
0.0375	 -15.3058	 122.9855	 210.5853	 1.0761	 79.6307	 0.1308	 1.8000
0.0375	 -14.1416	 142.5091	 214.4771	 1.0724	 79.7188	 0.1345	 1.8000
0.0375	 -13.2901	 143.6109	 217.3772	 1.0698	 79.7829	 0.1381	 1.8000
0.0375	 -12.9600	 126.2158	 218.5553	 1.0687	 79.8076	 0.1418	 1.8000
0.0375	 -12.9674	 91.5092	 218.6049	 1.0688	 79.8070	 0.1455	 1.8000
0.0375	 -12.9883	 41.8562	 218.6087	 1.0688	 79.8055	 0.1492	 1.8000
0.0375	 -13.0210	 1.3268	 218.5727	 1.0689	 79.8030	 0.1529	 1.8000
0.0375	 -13.0636	 0.0000	 218.5029	 1.0691	 79.7998	 0.1566	 1.8000
0.0375	 -13.1144	 0.0000	 218.4054	 1.0692	 79.7960	 0.1603	 1.8000
0.0375	 -13.1715	 0.0000	 218.2864	 1.0694	 79.7918	 0.1640	 1.8000
0.0375	 -13.2331	 0.0000	 218.1519	 1.0696	 79.7872	 0.1677	 1.8000
0.0375	 -13.2974	 0.0000	 218.0080	 1.0698	 79.7823	 0.1714	 1.8000
0.0375	 -13.3626	 0.0000	 217.8608	 1.0700	 79.7774	 0.1751	 1.8000
0.0375	 -13.4269	 0.0000	 217.7162	 1.0702	 79.7726	 0.1788	 1.8000
0.3375	 -13.4885	 0.0000	 201.9446	 1.0704	 79.7680	 0.1825	 3.0500
0.3375	 -13.5456	 0.0000	 201.8646	 1.0706	 79.7637	 0.1862	 3.0500
0.3375	 -13.5964	 0.0000	 201.7345	 1.0707	 79.7599	 0.1872	 3.0500
0.3375	 -13.6390	 0.0000	 201.5838	 1.0709	 79.7567	 0.1865	 3.0500
0.3375	 -13.6717	 0.0000	 201.4684	 1.0710	 79.7542	 0.1859	 3.0500
0.3375	 -13.6926	 0.0000	 201.3944	 1.0710	 79.7527	 0.1856	 3.0500
0.3375	 -13.7000	 0.0000	 201.3684	 1.0710	 79.7521	 0.1855	 3.0500
0.3375	 -13.0447	 0.4007	 203.6967	 1.0690	 79.8013	 0.1969	 3.0500
0.3375	 -11.3547	 49.3314	 209.1093	 1.0638	 79.9270	 0.2007	 3.0500
0.3375	 -9.0439	 120.1331	 216.4896	 1.0567	 80.0966	 0.1988	 3.0500
0.3375	 -6.5261	 170.7768	 224.7557	 1.0491	 80.2784	 0.1968	 3.0500
0.3375	 -4.2153	 197.8113	 232.5435	 1.0422	 80.4425	 0.1948	 3.0500
0.3375	 -2.5253	 199.3942	 238.3500	 1.0372	 80.5609	 0.1929	 3.0500
0.3375	 -1.8700	 175.4176	 240.5944	 1.0353	 80.6065	 0.1909	 3.0500
0.3375	 -2.0244	 127.5154	 239.9916	 1.0358	 80.5958	 0.1889	 3.0500
0.3375	 -2.4624	 58.9522	 238.3951	 1.0370	 80.5653	 0.1870	 3.0500
0.3375	 -3.1461	 2.0750	 235.9513	 1.0391	 80.5176	 0.1850	 3.0500
0.3375	 -4.0378	 0.0000	 232.8099	 1.0417	 80.4550	 0.1830	 3.0500
0.3375	 -5.0996	 0.0000	 229.1210	 1.0448	 80.3800	 0.1810	 3.0500
0.3375	 -6.2938	 0.0000	 225.0319	 1.0484	 80.2950	 0.1791	 3.0500
0.3375	 -7.5824	 0.0000	 220.6851	 1.0523	 80.2025	 0.1771	 3.0500
0.3375	 -8.9278	 0.0000	 216.2169	 1.0564	 80.1051	 0.1751	 3.0500
0.3375	 -10.2922	 0.0000	 211.7563	 1.0605	 80.0053	 0.1732	 3.0500
0.3375	 -11.6376	 0.0000	 207.4246	 1.0646	 79.9061	 0.1712	 3.0500
0.4531	 -12.9262	 0.0000	 200.8223	 1.0686	 79.8101	 0.1692	 5.4900
0.4531	 -14.1204	 0.0000	 197.1283	 1.0724	 79.7204	 0.1673	 5.4900
0.4531	 -15.1822	 0.0000	 193.7827	 1.0757	 79.6401	 0.1617	 5.4900
0.4531	 -16.0739	 0.0000	 190.7771	 1.0785	 79.5721	 0.1488	 5.4900
0.4531	 -16.7576	 0.0000	 188.5094	 1.0807	 79.5197	 0.1396	 5.4900
0.4531	 -17.1956	 0.0000	 187.0733	 1.0820	 79.4860	 0.1340	 5.4900
0.4531	 -17.3500	 0.0000	 186.5700	 1.0825	 79.4741	 0.1320	 5.4900
0.4531	 -16.3994	 0.5820	 189.6935	 1.0795	 79.5472	 0.1444	 5.4900
0.4531	 -13.9480	 53.4213	 197.1865	 1.0718	 79.7334	 0.1508	 5.4900
0.4531	 -10.5961	 127.8481	 207.4292	 1.0614	 79.9830	 0.1475	 5.4900
0.4531	 -6.9439	 181.0323	 219.0456	 1.0504	 80.2484	 0.1441	 5.4900
0.4531	 -3.5920	 209.3495	 230.1200	 1.0404	 80.4863	 0.1408	 5.4900
0.4531	 -1.1406	 210.8700	 238.4498	 1.0332	 80.6570	 0.1375	 5.4900
0.4531	 -0.1900	 185.4902	 241.6691	 1.0304	 80.7224	 0.1342	 5.4900
0.4531	 -0.4226	 134.9395	 240.7354	 1.0311	 80.7064	 0.1309	 5.4900
0.4531	 -1.0824	 62.6630	 238.3103	 1.0330	 80.6610	 0.1275	 5.4900
0.4531	 -2.1124	 2.3078	 234.6243	 1.0360	 80.5897	 0.1242	 5.4900
0.4531	 -3.4557	 0.0000	 229.9154	 1.0400	 80.4959	 0.1209	 5.4900
0.4531	 -5.0553	 0.0000	 224.4215	 1.0447	 80.3831	 0.1176	 5.4900
0.4531	 -6.8542	 0.0000	 218.3744	 1.0501	 80.2549	 0.1142	 5.4900
0.4531	 -8.7956	 0.0000	 211.9947	 1.0560	 80.1147	 0.1109	 5.4900
0.4531	 -10.8224	 0.0000	 205.4887	 1.0621	 79.9663	 0.1076	 5.4900
0.4531	 -12.8776	 0.0000	 199.0464	 1.0685	 79.8138	 0.1043	 5.4900
0.4531	 -14.9044	 0.0000	 192.8411	 1.0748	 79.6612	 0.1010	 5.4900
0.0000	 -16.8458	 0.0000	 176.5424	 1.0809	 79.5130	 0.0976	 2.2000
0.0000	 -18.6447	 0.0000	 171.5449	 1.0867	 79.3738	 0.0943	 2.2000
0.0000	 -20.2443	 0.0000	 167.1777	 1.0918	 79.2486	 0.0910	 2.2000
0.0000	 -21.5876	 0.0000	 163.5563	 1.0962	 79.1424	 0.0877	 2.2000
0.0000	 -22.6176	 0.0000	 160.6204	 1.0995	 79.0602	 0.0794	 2.2000
0.0000	 -23.2774	 0.0000	 158.7680	 1.1017	 79.0072	 0.0744	 2.2000
0.0000	 -23.5100	 0.0000	 158.1208	 1.1025	 78.9885	 0.0727	 2.2000
0.0000	 -22.9982	 0.8037	 159.5490	 1.1008	 79.0297	 0.0765	 2.2000
0.0000	 -21.6782	 64.8169	 162.9029	 1.0965	 79.1352	 0.0757	 2.2000
0.0000	 -19.8733	 153.8607	 167.5741	 1.0906	 79.2778	 0.0747	 2.2000
0.0000	 -17.9067	 217.5321	 172.7803	 1.0843	 79.4311	 0.0737	 2.2000
0.0000	 -16.1018	 251.4918	 177.6612	 1.0786	 79.5700	 0.0727	 2.2000
0.0000	 -14.7818	 253.4256	 181.2850	 1.0744	 79.6705	 0.0717	 2.2000
0.0000	 -14.2700	 223.2017	 182.6808	 1.0728	 79.7092	 0.0707	 2.2000
0.0000	 -14.3990	 162.8798	 182.2789	 1.0732	 79.6994	 0.0697	 2.2000
0.0000	 -14.7648	 76.5707	 181.2148	 1.0744	 79.6717	 0.0687	 2.2000
0.0000	 -15.3359	 3.1555	 179.5846	 1.0762	 79.6284	 0.0677	 2.2000
0.0000	 -16.0807	 0.0000	 177.4870	 1.0785	 79.5716	 0.0667	 2.2000
0.0000	 -16.9676	 0.0000	 175.0205	 1.0813	 79.5036	 0.0657	 2.2000
0.0000	 -17.9650	 0.0000	 172.2821	 1.0845	 79.4266	 0.0647	 2.2000
0.0000	 -19.0414	 0.0000	 169.3661	 1.0879	 79.3429	 0.0637	 2.2000
0.0000	 -20.1652	 0.0000	 166.3629	 1.0916	 79.2548	 0.0627	 2.2000
0.0000	 -21.3048	 0.0000	 163.3590	 1.0953	 79.1648	 0.0617	 2.2000
0.0000	 -22.4286	 0.0000	 160.4362	 1.0989	 79.0753	 0.0607	 2.2000
0.0000	 -23.5050	 0.0000	 157.4804	 1.1025	 78.9889	 0.0597	 0.3200
0.0000	 -24.5024	 0.0000	 154.9512	 1.1057	 78.9083	 0.0587	 0.3200
0.0000	 -25.3893	 0.0000	 152.7240	 1.1087	 78.8361	 0.0577	 0.3200
0.0000	 -26.1341	 0.0000	 150.8348	 1.1112	 78.7751	 0.0558	 0.3200
0.0000	 -26.7052	 0.0000	 149.3374	 1.1131	 78.7281	 0.0527	 0.3200
0.0000	 -27.0710	 0.0000	 148.3866	 1.1143	 78.6979	 0.0507	 0.3200
0.0000	 -27.2000	 0.0000	 148.0530	 1.1147	 78.6872	 0.0501	 0.3200
0.0000	 -26.6843	 1.0509	 149.3920	 1.1130	 78.7298	 0.0528	 0.3200
0.0000	 -25.3543	 67.1932	 152.6881	 1.1086	 78.8389	 0.0543	 0.3200
0.0000	 -23.5357	 156.9092	 157.2164	 1.1026	 78.9864	 0.0546	 0.3200
0.0000	 -21.5543	 221.0123	 162.2630	 1.0961	 79.1450	 0.0549	 0.3200
0.0000	 -19.7357	 255.1339	 167.0019	 1.0902	 79.2886	 0.0552	 0.3200
0.0000	 -18.4057	 256.9487	 170.5359	 1.0859	 79.3924	 0.0555	 0.3200
0.0000	 -17.8900	 226.3329	 171.9285	 1.0843	 79.4324	 0.0558	 0.3200
0.0000	 -17.9714	 165.3731	 171.7219	 1.0845	 79.4261	 0.0561	 0.3200
0.0000	 -18.2022	 78.2235	 171.1151	 1.0853	 79.4082	 0.0564	 0.3200
0.0000	 -18.5627	 3.4135	 170.1644	 1.0864	 79.3802	 0.0567	 0.3200
0.0000	 -19.0327	 0.0000	 168.9270	 1.0879	 79.3436	 0.0570	 0.3200
0.0000	 -19.5924	 0.0000	 167.4600	 1.0897	 79.2998	 0.0573	 0.3200
0.0000	 -20.2219	 0.0000	 165.8201	 1.0917	 79.2504	 0.0576	 0.3200
0.0000	 -20.9012	 0.0000	 164.0631	 1.0939	 79.1968	 0.0579	 0.3200
0.0000	 -21.6104	 0.0000	 162.2431	 1.0963	 79.1405	 0.0582	 0.3200
0.0000	 -22.3296	 0.0000	 160.4129	 1.0986	 79.0832	 0.0585	 0.3200
0.0000	 -23.0388	 0.0000	 158.6234	 1.1009	 79.0264	 0.0588	 0.3200
0.0000	 -23.7181	 0.0000	 155.3193	 1.1032	 78.9717	 0.0591	 0.3200
0.0000	 -24.3476	 0.0000	 153.7740	 1.1052	 78.9208	 0.0594	 0.3200
0.0000	 -24.9073	 0.0000	 152.4108	 1.1071	 78.8754	 0.0597	 0.3200
0.0000	 -25.3773	 0.0000	 151.2749	 1.1087	 78.8370	 0.0600	 0.3200
0.0000	 -25.7378	 0.0000	 150.3300	 1.1099	 78.8076	 0.0581	 0.3200
0.0000	 -25.9686	 0.0000	 149.7228	 1.1106	 78.7886	 0.0568	 0.3200
0.0000	 -26.0500	 0.0000	 149.5094	 1.1109	 78.7820	 0.0563	 0.3200
0.0000	 -25.4983	 1.2175	 150.9628	 1.1091	 78.8271	 0.0595	 0.3200
0.0000	 -24.0754	 70.1134	 154.5595	 1.1043	 78.9429	 0.0625	 0.3200
0.0000	 -22.1299	 162.4834	 159.4569	 1.0979	 79.0992	 0.0633	 0.3200
0.0000	 -20.0101	 228.5409	 164.9217	 1.0911	 79.2670	 0.0641	 0.3200
0.0000	 -18.0646	 263.7842	 170.0623	 1.0848	 79.4189	 0.0649	 0.3200
0.0000	 -16.6417	 265.8115	 173.9058	 1.0803	 79.5286	 0.0657	 0.3200
0.0000	 -16.0900	 234.4846	 175.4330	 1.0785	 79.5709	 0.0665	 0.3200
0.0000	 -16.1594	 171.9385	 175.2761	 1.0788	 79.5656	 0.0673	 0.3200
0.0000	 -16.3563	 82.4355	 174.7732	 1.0794	 79.5505	 0.0681	 0.3200
0.0000	 -16.6637	 4.0387	 173.9725	 1.0804	 79.5269	 0.0689	 0.3200
0.0000	 -17.0647	 0.0000	 172.9228	 1.0816	 79.4961	 0.0696	 0.3200
0.0000	 -17.5421	 0.0000	 171.6730	 1.0832	 79.4593	 0.0704	 0.3200
0.0000	 -18.0790	 0.0000	 170.2715	 1.0849	 79.4178	 0.0712	 0.3200
0.0000	 -18.6584	 0.0000	 168.7663	 1.0867	 79.3728	 0.0720	 0.3200
0.0000	 -19.2633	 0.0000	 167.2041	 1.0887	 79.3256	 0.0728	 0.3200
0.0000	 -19.8767	 0.0000	 165.6305	 1.0906	 79.2775	 0.0736	 0.3200
0.0000	 -20.4816	 0.0000	 164.0899	 1.0926	 79.2299	 0.0744	 0.3200
