0.2437	 -16.3324	 0.0000	 202.2972	 1.0730	 79.0894	 0.1220	 4.6300
0.2437	 -16.9904	 0.0000	 200.2388	 1.0751	 79.0380	 0.1220	 4.6300
0.2437	 -17.5755	 0.0000	 198.4217	 1.0769	 78.9920	 0.1220	 4.6300
0.2437	 -18.0668	 0.0000	 196.9054	 1.0785	 78.9533	 0.1220	 4.6300
0.2437	 -18.4436	 0.0000	 195.6824	 1.0797	 78.9235	 0.1190	 4.6300
0.2437	 -18.6849	 0.0000	 194.8847	 1.0804	 78.9044	 0.1163	 4.6300
0.2437	 -18.7700	 0.0000	 194.6043	 1.0807	 78.8976	 0.1153	 4.6300
0.2437	 -18.2975	 0.0477	 196.1435	 1.0792	 78.9350	 0.1196	 4.6300
0.2437	 -17.0789	 34.8919	 199.8549	 1.0754	 79.0310	 0.1172	 4.6300
0.2437	 -15.4127	 90.6749	 205.0346	 1.0702	 79.1609	 0.1148	 4.6300
0.2437	 -13.5973	 130.4579	 210.7965	 1.0646	 79.3008	 0.1124	 4.6300
0.2437	 -11.9311	 151.5299	 216.1857	 1.0595	 79.4276	 0.1099	 4.6300
0.2437	 -10.7125	 152.4547	 220.1756	 1.0558	 79.5194	 0.1075	 4.6300
0.2437	 -10.2400	 133.1694	 221.7003	 1.0543	 79.5548	 0.1051	 4.6300
0.2437	 -10.3973	 94.9883	 221.1113	 1.0548	 79.5430	 0.1027	 4.6300
0.2437	 -10.8435	 40.5132	 219.5570	 1.0562	 79.5096	 0.1003	 4.6300
0.2437	 -11.5400	 0.5604	 217.1805	 1.0583	 79.4571	 0.0979	 4.6300
0.2437	 -12.4484	 0.0000	 214.1281	 1.0610	 79.3884	 0.0954	 4.6300
0.2437	 -13.5301	 0.0000	 210.5465	 1.0644	 79.3059	 0.0930	 4.6300
0.2437	 -14.7466	 0.0000	 206.5795	 1.0681	 79.2124	 0.0906	 4.6300
0.2437	 -16.0595	 0.0000	 202.3660	 1.0722	 79.1107	 0.0882	 4.6300
0.2437	 -17.4301	 0.0000	 198.0385	 1.0765	 79.0034	 0.0858	 4.6300
0.2437	 -18.8199	 0.0000	 193.7220	 1.0808	 78.8936	 0.0834	 4.6300
0.2437	 -20.1905	 0.0000	 189.5338	 1.0852	 78.7843	 0.0809	 4.6300
0.0323	 -21.5034	 0.0000	 176.8269	 1.0894	 78.6786	 0.0785	 2.5800
0.0323	 -22.7199	 0.0000	 173.3760	 1.0933	 78.5797	 0.0761	 2.5800
0.0323	 -23.8016	 0.0000	 170.2566	 1.0968	 78.4911	 0.0706	 2.5800
0.0323	 -24.7100	 0.0000	 167.6267	 1.0998	 78.4161	 0.0645	 2.5800
0.0323	 -25.4065	 0.0000	 165.6384	 1.1020	 78.3583	 0.0601	 2.5800
0.0323	 -25.8527	 0.0000	 164.3774	 1.1035	 78.3211	 0.0574	 2.5800
0.0323	 -26.0100	 0.0000	 163.9352	 1.1040	 78.3080	 0.0565	 2.5800
0.0323	 -25.2910	 0.0872	 165.9666	 1.1017	 78.3679	 0.0608	 2.5800
0.0323	 -23.4367	 43.2469	 171.0041	 1.0956	 78.5211	 0.0618	 2.5800
0.0323	 -20.9013	 111.2692	 178.0039	 1.0875	 78.7272	 0.0606	 2.5800
0.0323	 -18.1387	 159.7802	 185.8756	 1.0787	 78.9476	 0.0595	 2.5800
0.0323	 -15.6033	 185.4738	 193.3243	 1.0708	 79.1461	 0.0584	 2.5800
0.0323	 -13.7490	 186.5992	 198.9018	 1.0650	 79.2892	 0.0573	 2.5800
0.0323	 -13.0300	 163.0796	 201.0739	 1.0628	 79.3441	 0.0561	 2.5800
0.0323	 -13.2168	 116.5178	 200.4609	 1.0634	 79.3299	 0.0550	 2.5800
0.0323	 -13.7467	 50.0870	 198.7978	 1.0650	 79.2893	 0.0539	 2.5800
0.0323	 -14.5740	 0.7736	 196.2426	 1.0676	 79.2258	 0.0527	 2.5800
0.0323	 -15.6529	 0.0000	 192.9584	 1.0709	 79.1423	 0.0516	 2.5800
0.0323	 -16.9376	 0.0000	 189.1082	 1.0749	 79.0421	 0.0505	 2.5800
0.0323	 -18.3825	 0.0000	 184.8518	 1.0795	 78.9283	 0.0493	 2.5800
0.0323	 -19.9418	 0.0000	 180.3421	 1.0844	 78.8042	 0.0482	 2.5800
0.0323	 -21.5696	 0.0000	 175.7240	 1.0896	 78.6732	 0.0471	 2.5800
0.0323	 -23.2204	 0.0000	 171.1326	 1.0949	 78.5388	 0.0460	 2.5800
0.0323	 -24.8482	 0.0000	 166.6929	 1.1002	 78.4047	 0.0448	 2.5800
0.0000	 -26.4075	 0.0000	 143.7932	 1.1053	 78.2747	 0.0437	 0.7900
0.0000	 -27.8524	 0.0000	 140.4199	 1.1101	 78.1530	 0.0426	 0.7900
0.0000	 -29.1371	 0.0000	 137.4479	 1.1144	 78.0437	 0.0410	 0.7900
0.0000	 -30.2160	 0.0000	 134.8690	 1.1180	 77.9511	 0.0366	 0.7900
0.0000	 -31.0433	 0.0000	 132.9262	 1.1208	 77.8796	 0.0335	 0.7900
0.0000	 -31.5732	 0.0000	 131.6971	 1.1226	 77.8336	 0.0317	 0.7900
0.0000	 -31.7600	 0.0000	 131.2666	 1.1232	 77.8173	 0.0311	 0.7900
0.0000	 -30.8803	 0.1712	 133.3065	 1.1203	 77.8937	 0.0341	 0.7900
0.0000	 -28.6118	 61.5514	 138.5180	 1.1126	 78.0885	 0.0381	 0.7900
0.0000	 -25.5099	 156.8275	 145.6862	 1.1024	 78.3497	 0.0387	 0.7900
0.0000	 -22.1301	 224.7820	 153.8070	 1.0914	 78.6277	 0.0393	 0.7900
0.0000	 -19.0282	 260.7839	 161.5571	 1.0815	 78.8771	 0.0399	 0.7900
0.0000	 -16.7597	 262.3798	 167.4152	 1.0744	 79.0560	 0.0405	 0.7900
0.0000	 -15.8800	 229.4609	 169.7463	 1.0716	 79.1247	 0.0412	 0.7900
0.0000	 -15.9989	 164.2707	 169.4618	 1.0720	 79.1154	 0.0418	 0.7900
0.0000	 -16.3361	 71.2516	 168.6050	 1.0730	 79.0891	 0.0424	 0.7900
0.0000	 -16.8626	 1.2400	 167.2583	 1.0747	 79.0480	 0.0430	 0.7900
0.0000	 -17.5492	 0.0000	 165.5057	 1.0768	 78.9941	 0.0436	 0.7900
0.0000	 -18.3669	 0.0000	 163.4314	 1.0794	 78.9296	 0.0442	 0.7900
0.0000	 -19.2864	 0.0000	 161.1185	 1.0823	 78.8565	 0.0448	 0.7900
0.0000	 -20.2787	 0.0000	 158.6481	 1.0855	 78.7772	 0.0454	 0.7900
0.0000	 -21.3147	 0.0000	 156.0981	 1.0888	 78.6938	 0.0460	 0.7900
0.0000	 -22.3653	 0.0000	 153.5433	 1.0922	 78.6086	 0.0466	 0.7900
0.0000	 -23.4013	 0.0000	 151.0550	 1.0955	 78.5240	 0.0472	 0.7900
0.0000	 -24.3936	 0.0000	 156.4731	 1.0987	 78.4423	 0.0478	 2.1400
0.0000	 -25.3131	 0.0000	 154.2003	 1.1017	 78.3661	 0.0484	 2.1400
0.0000	 -26.1308	 0.0000	 152.2026	 1.1044	 78.2979	 0.0490	 2.1400
0.0000	 -26.8174	 0.0000	 150.5434	 1.1067	 78.2403	 0.0496	 2.1400
0.0000	 -27.3439	 0.0000	 149.2534	 1.1084	 78.1960	 0.0493	 2.1400
0.0000	 -27.6811	 0.0000	 148.3800	 1.1096	 78.1675	 0.0477	 2.1400
0.0000	 -27.8000	 0.0000	 148.0734	 1.1099	 78.1574	 0.0471	 2.1400
0.0000	 -27.2156	 0.2606	 149.5870	 1.1080	 78.2068	 0.0500	 2.1400
0.0000	 -25.7085	 56.2906	 153.3762	 1.1030	 78.3332	 0.0528	 2.1400
0.0000	 -23.6477	 140.6804	 158.5582	 1.0963	 78.5037	 0.0535	 2.1400
0.0000	 -21.4023	 200.7909	 164.3504	 1.0891	 78.6867	 0.0541	 2.1400
0.0000	 -19.3415	 232.5257	 169.8068	 1.0825	 78.8522	 0.0548	 2.1400
0.0000	 -17.8344	 233.7221	 173.8895	 1.0777	 78.9716	 0.0555	 2.1400
0.0000	 -17.2500	 204.2987	 175.5081	 1.0759	 79.0176	 0.0562	 2.1400
0.0000	 -17.3275	 146.2605	 175.3221	 1.0761	 79.0115	 0.0568	 2.1400
0.0000	 -17.5473	 63.5627	 174.7479	 1.0768	 78.9942	 0.0575	 2.1400
0.0000	 -17.8905	 1.1399	 173.8399	 1.0779	 78.9672	 0.0582	 2.1400
0.0000	 -18.3381	 0.0000	 172.6531	 1.0793	 78.9318	 0.0588	 2.1400
0.0000	 -18.8711	 0.0000	 171.2430	 1.0810	 78.8896	 0.0595	 2.1400
0.0000	 -19.4705	 0.0000	 169.6642	 1.0829	 78.8419	 0.0602	 2.1400
0.0000	 -20.1173	 0.0000	 167.9708	 1.0850	 78.7902	 0.0609	 2.1400
0.0000	 -20.7926	 0.0000	 166.2152	 1.0871	 78.7359	 0.0615	 2.1400
0.0000	 -21.4774	 0.0000	 164.4486	 1.0893	 78.6807	 0.0622	 2.1400
0.0000	 -22.1527	 0.0000	 162.7206	 1.0915	 78.6259	 0.0629	 2.1400
0.1615	 -22.7995	 0.0000	 178.0071	 1.0936	 78.5732	 0.0635	 1.9100
0.1615	 -23.3989	 0.0000	 176.3294	 1.0955	 78.5242	 0.0642	 1.9100
0.1615	 -23.9319	 0.0000	 174.8494	 1.0972	 78.4804	 0.0649	 1.9100
0.1615	 -24.3795	 0.0000	 173.6164	 1.0987	 78.4435	 0.0655	 1.9100
0.1615	 -24.7227	 0.0000	 172.6335	 1.0998	 78.4151	 0.0644	 1.9100
0.1615	 -24.9425	 0.0000	 171.9896	 1.1005	 78.3969	 0.0630	 1.9100
0.1615	 -25.0200	 0.0000	 171.7632	 1.1008	 78.3904	 0.0625	 1.9100
0.1615	 -24.4749	 0.2368	 173.3621	 1.0990	 78.4356	 0.0660	 1.9100
0.1615	 -23.0692	 41.5228	 177.4351	 1.0944	 78.5512	 0.0711	 1.9100
0.1615	 -21.1471	 102.8328	 182.9850	 1.0882	 78.7074	 0.0729	 1.9100
0.1615	 -19.0529	 146.5191	 189.1746	 1.0816	 78.8751	 0.0747	 1.9100
0.1615	 -17.1308	 169.6044	 194.9964	 1.0755	 79.0270	 0.0765	 1.9100
0.1615	 -15.7251	 170.5155	 199.3513	 1.0711	 79.1367	 0.0783	 1.9100
0.1615	 -15.1800	 149.1903	 201.0889	 1.0694	 79.1790	 0.0800	 1.9100
0.1615	 -15.2228	 107.0821	 201.0039	 1.0696	 79.1756	 0.0818	 1.9100
0.1615	 -15.3442	 47.0606	 200.6747	 1.0700	 79.1662	 0.0836	 1.9100
0.1615	 -15.5336	 0.9693	 200.1345	 1.0705	 79.1516	 0.0854	 1.9100
0.1615	 -15.7808	 0.0000	 199.4170	 1.0713	 79.1324	 0.0872	 1.9100
0.1615	 -16.0750	 0.0000	 198.5559	 1.0722	 79.1095	 0.0890	 1.9100
0.1615	 -16.4060	 0.0000	 197.5849	 1.0733	 79.0837	 0.0907	 1.9100
0.1615	 -16.7631	 0.0000	 196.5370	 1.0744	 79.0558	 0.0925	 1.9100
0.1615	 -17.1360	 0.0000	 195.4453	 1.0755	 79.0265	 0.0943	 1.9100
0.1615	 -17.5140	 0.0000	 194.3420	 1.0767	 78.9968	 0.0961	 1.9100
0.1615	 -17.8869	 0.0000	 193.2590	 1.0779	 78.9675	 0.0979	 1.9100
0.4510	 -18.2440	 0.0000	 204.9427	 1.0790	 78.9393	 0.0997	 3.2900
0.4510	 -18.5750	 0.0000	 203.9150	 1.0801	 78.9131	 0.1014	 3.2900
0.4510	 -18.8692	 0.0000	 203.0078	 1.0810	 78.8897	 0.1032	 3.2900
0.4510	 -19.1164	 0.0000	 202.2534	 1.0818	 78.8701	 0.1050	 3.2900
0.4510	 -19.3058	 0.0000	 201.6835	 1.0824	 78.8550	 0.1068	 3.2900
0.4510	 -19.4272	 0.0000	 201.3258	 1.0828	 78.8453	 0.1083	 3.2900
0.4510	 -19.4700	 0.0000	 201.1825	 1.0829	 78.8419	 0.1079	 3.2900
0.4510	 -19.1293	 0.2113	 202.3259	 1.0818	 78.8691	 0.1114	 3.2900
0.4510	 -18.2508	 30.7559	 205.1756	 1.0790	 78.9387	 0.1139	 3.2900
0.4510	 -17.0494	 75.4945	 209.0928	 1.0753	 79.0333	 0.1156	 3.2900
0.4510	 -15.7406	 107.3878	 213.4215	 1.0712	 79.1355	 0.1174	 3.2900
0.4510	 -14.5392	 124.2624	 217.4558	 1.0675	 79.2284	 0.1192	 3.2900
0.4510	 -13.6607	 124.9682	 220.4510	 1.0648	 79.2959	 0.1209	 3.2900
0.4510	 -13.3200	 109.4571	 221.6405	 1.0637	 79.3220	 0.1227	 3.2900
0.4510	 -13.3552	 78.7863	 221.5532	 1.0638	 79.3193	 0.1245	 3.2900
0.4510	 -13.4551	 35.0458	 221.2459	 1.0641	 79.3117	 0.1262	 3.2900
0.4510	 -13.6110	 0.8307	 220.7485	 1.0646	 79.2997	 0.1280	 3.2900
0.4510	 -13.8143	 0.0000	 220.0913	 1.0652	 79.2841	 0.1297	 3.2900
0.4510	 -14.0565	 0.0000	 219.3044	 1.0660	 79.2656	 0.1315	 3.2900
0.4510	 -14.3288	 0.0000	 218.4179	 1.0668	 79.2446	 0.1333	 3.2900
0.4510	 -14.6226	 0.0000	 217.4617	 1.0677	 79.2220	 0.1350	 3.2900
0.4510	 -14.9294	 0.0000	 216.4652	 1.0687	 79.1983	 0.1368	 3.2900
0.4510	 -15.2406	 0.0000	 215.4576	 1.0696	 79.1743	 0.1386	 3.2900
0.4510	 -15.5474	 0.0000	 214.4678	 1.0706	 79.1505	 0.1403	 3.2900
0.2354	 -15.8412	 0.0000	 196.9308	 1.0715	 79.1277	 0.1421	 5.9800
0.2354	 -16.1135	 0.0000	 196.1469	 1.0723	 79.1065	 0.1438	 5.9800
0.2354	 -16.3557	 0.0000	 195.4407	 1.0731	 79.0876	 0.1450	 5.9800
0.2354	 -16.5590	 0.0000	 194.7564	 1.0737	 79.0717	 0.1422	 5.9800
0.2354	 -16.7149	 0.0000	 194.2335	 1.0742	 79.0595	 0.1402	 5.9800
0.2354	 -16.8148	 0.0000	 193.8994	 1.0745	 79.0517	 0.1389	 5.9800
0.2354	 -16.8500	 0.0000	 193.7818	 1.0746	 79.0490	 0.1384	 5.9800
0.2354	 -16.2058	 0.4417	 195.9469	 1.0726	 79.0993	 0.1470	 5.9800
0.2354	 -14.5443	 46.6273	 200.9925	 1.0675	 79.2280	 0.1452	 5.9800
0.2354	 -12.2726	 112.4406	 208.0156	 1.0605	 79.4017	 0.1414	 5.9800
0.2354	 -9.7974	 159.3124	 215.8834	 1.0530	 79.5879	 0.1377	 5.9800
0.2354	 -7.5257	 184.0487	 223.2890	 1.0462	 79.7560	 0.1339	 5.9800
0.2354	 -5.8642	 184.9635	 228.7942	 1.0413	 79.8773	 0.1302	 5.9800
0.2354	 -5.2200	 161.9946	 230.8875	 1.0394	 79.9240	 0.1265	 5.9800
0.2354	 -5.4330	 116.7073	 230.0455	 1.0400	 79.9086	 0.1227	 5.9800
0.2354	 -6.0374	 52.1878	 227.8720	 1.0418	 79.8647	 0.1190	 5.9800
0.2354	 -6.9808	 1.3157	 224.5710	 1.0446	 79.7959	 0.1152	 5.9800
0.2354	 -8.2112	 0.0000	 220.3527	 1.0482	 79.7055	 0.1115	 5.9800
0.2354	 -9.6763	 0.0000	 215.4275	 1.0526	 79.5969	 0.1078	 5.9800
0.2354	 -11.3241	 0.0000	 210.0003	 1.0576	 79.4734	 0.1040	 5.9800
0.2354	 -13.1023	 0.0000	 204.2671	 1.0630	 79.3386	 0.1003	 5.9800
0.2354	 -14.9587	 0.0000	 198.4116	 1.0688	 79.1961	 0.0965	 5.9800
0.2354	 -16.8413	 0.0000	 192.6042	 1.0746	 79.0496	 0.0928	 5.9800
0.2354	 -18.6977	 0.0000	 187.0010	 1.0805	 78.9033	 0.0891	 5.9800
0.0833	 -20.4759	 0.0000	 177.7222	 1.0861	 78.7614	 0.0853	 2.0700
0.0833	 -22.1237	 0.0000	 173.0403	 1.0914	 78.6283	 0.0816	 2.0700
0.0833	 -23.5888	 0.0000	 168.7785	 1.0961	 78.5086	 0.0721	 2.0700
0.0833	 -24.8192	 0.0000	 165.2447	 1.1001	 78.4071	 0.0638	 2.0700
0.0833	 -25.7626	 0.0000	 162.5872	 1.1032	 78.3287	 0.0580	 2.0700
0.0833	 -26.3670	 0.0000	 160.9079	 1.1052	 78.2781	 0.0545	 2.0700
0.0833	 -26.5800	 0.0000	 160.3202	 1.1059	 78.2603	 0.0533	 2.0700
0.0833	 -25.7114	 0.5657	 162.7303	 1.1030	 78.3329	 0.0583	 2.0700
0.0833	 -23.4714	 51.9007	 168.7538	 1.0957	 78.5182	 0.0605	 2.0700
0.0833	 -20.4086	 124.1223	 177.1277	 1.0859	 78.7668	 0.0593	 2.0700
0.0833	 -17.0714	 175.5945	 186.6052	 1.0753	 79.0316	 0.0581	 2.0700
0.0833	 -14.0086	 202.8094	 195.6302	 1.0658	 79.2692	 0.0569	 2.0700
0.0833	 -11.7686	 203.9125	 202.4235	 1.0590	 79.4399	 0.0557	 2.0700
0.0833	 -10.9000	 178.8285	 205.0786	 1.0563	 79.5053	 0.0545	 2.0700
0.0833	 -11.1153	 129.2669	 204.3649	 1.0570	 79.4891	 0.0533	 2.0700
0.0833	 -11.7262	 58.6053	 202.4280	 1.0588	 79.4431	 0.0521	 2.0700
0.0833	 -12.6798	 1.7101	 199.4552	 1.0617	 79.3708	 0.0509	 2.0700
0.0833	 -13.9234	 0.0000	 195.6400	 1.0656	 79.2758	 0.0497	 2.0700
0.0833	 -15.4043	 0.0000	 191.1763	 1.0701	 79.1616	 0.0485	 2.0700
0.0833	 -17.0698	 0.0000	 186.2529	 1.0753	 79.0317	 0.0473	 2.0700
0.0833	 -18.8672	 0.0000	 181.0501	 1.0810	 78.8899	 0.0461	 2.0700
0.0833	 -20.7436	 0.0000	 175.7371	 1.0870	 78.7399	 0.0449	 2.0700
0.0833	 -22.6464	 0.0000	 170.4702	 1.0931	 78.5857	 0.0437	 2.0700
0.0833	 -24.5228	 0.0000	 165.3925	 1.0992	 78.4316	 0.0425	 2.0700
0.0000	 -26.3202	 0.0000	 143.9767	 1.1051	 78.2821	 0.0413	 0.3600
0.0000	 -27.9857	 0.0000	 140.0931	 1.1106	 78.1417	 0.0401	 0.3600
0.0000	 -29.4666	 0.0000	 136.7010	 1.1155	 78.0155	 0.0389	 0.3600
0.0000	 -30.7102	 0.0000	 133.7775	 1.1197	 77.9084	 0.0347	 0.3600
0.0000	 -31.6638	 0.0000	 131.5598	 1.1229	 77.8257	 0.0314	 0.3600
0.0000	 -32.2747	 0.0000	 130.1592	 1.1250	 77.7724	 0.0294	 0.3600
0.0000	 -32.4900	 0.0000	 129.6692	 1.1257	 77.7535	 0.0287	 0.3600
0.0000	 -31.6170	 1.0031	 131.6679	 1.1228	 77.8298	 0.0316	 0.3600
0.0000	 -29.3656	 71.6886	 136.7418	 1.1152	 78.0241	 0.0342	 0.3600
0.0000	 -26.2871	 168.6086	 143.7656	 1.1049	 78.2848	 0.0343	 0.3600
0.0000	 -22.9329	 237.6327	 151.7225	 1.0940	 78.5623	 0.0344	 0.3600
0.0000	 -19.8544	 274.0568	 159.3122	 1.0841	 78.8112	 0.0344	 0.3600
0.0000	 -17.6030	 275.3989	 165.0413	 1.0770	 78.9898	 0.0345	 0.3600
0.0000	 -16.7300	 241.5674	 167.3058	 1.0743	 79.0583	 0.0346	 0.3600
0.0000	 -16.8808	 174.8679	 166.9167	 1.0747	 79.0465	 0.0346	 0.3600
0.0000	 -17.3086	 79.8458	 165.8109	 1.0761	 79.0130	 0.0347	 0.3600
0.0000	 -17.9764	 2.5121	 164.0937	 1.0782	 78.9604	 0.0348	 0.3600
0.0000	 -18.8474	 0.0000	 161.8733	 1.0809	 78.8915	 0.0348	 0.3600
0.0000	 -19.8845	 0.0000	 159.2582	 1.0842	 78.8088	 0.0349	 0.3600
0.0000	 -21.0509	 0.0000	 156.3548	 1.0879	 78.7151	 0.0350	 0.3600
0.0000	 -22.3096	 0.0000	 153.2660	 1.0920	 78.6132	 0.0350	 0.3600
0.0000	 -23.6237	 0.0000	 150.0902	 1.0962	 78.5057	 0.0351	 0.3600
0.0000	 -24.9563	 0.0000	 146.9204	 1.1006	 78.3957	 0.0352	 0.3600
0.0000	 -26.2704	 0.0000	 143.8440	 1.1049	 78.2862	 0.0352	 0.3600
0.0000	 -27.5291	 0.0000	 142.0632	 1.1090	 78.1804	 0.0353	 0.4700
0.0000	 -28.6955	 0.0000	 139.3932	 1.1129	 78.0814	 0.0354	 0.4700
0.0000	 -29.7326	 0.0000	 137.0511	 1.1164	 77.9927	 0.0355	 0.4700
0.0000	 -30.6036	 0.0000	 135.0929	 1.1193	 77.9177	 0.0351	 0.4700
0.0000	 -31.2714	 0.0000	 133.5226	 1.1216	 77.8598	 0.0327	 0.4700
0.0000	 -31.6992	 0.0000	 132.5266	 1.1230	 77.8226	 0.0313	 0.4700
0.0000	 -31.8500	 0.0000	 132.1774	 1.1236	 77.8095	 0.0308	 0.4700
0.0000	 -31.0545	 1.1231	 134.0305	 1.1209	 77.8786	 0.0335	 0.4700
0.0000	 -29.0031	 71.7790	 138.7674	 1.1140	 78.0551	 0.0372	 0.4700
0.0000	 -26.1981	 167.5145	 145.2686	 1.1046	 78.2923	 0.0380	 0.4700
0.0000	 -23.1419	 235.7586	 152.6064	 1.0947	 78.5452	 0.0387	 0.4700
0.0000	 -20.3369	 271.8605	 159.5852	 1.0857	 78.7726	 0.0395	 0.4700
0.0000	 -18.2855	 273.3599	 164.8477	 1.0792	 78.9360	 0.0403	 0.4700
0.0000	 -17.4900	 240.1547	 166.9435	 1.0767	 78.9987	 0.0410	 0.4700
0.0000	 -17.5924	 174.5076	 166.7106	 1.0770	 78.9907	 0.0418	 0.4700
0.0000	 -17.8830	 80.8926	 165.9893	 1.0779	 78.9678	 0.0425	 0.4700
0.0000	 -18.3366	 2.9459	 164.8491	 1.0793	 78.9320	 0.0433	 0.4700
0.0000	 -18.9282	 0.0000	 163.3609	 1.0812	 78.8850	 0.0440	 0.4700
0.0000	 -19.6326	 0.0000	 161.5955	 1.0834	 78.8289	 0.0448	 0.4700
0.0000	 -20.4249	 0.0000	 159.6231	 1.0859	 78.7655	 0.0455	 0.4700
0.0000	 -21.2798	 0.0000	 157.5122	 1.0887	 78.6966	 0.0463	 0.4700
0.0000	 -22.1724	 0.0000	 155.3294	 1.0915	 78.6243	 0.0471	 0.4700
0.0000	 -23.0776	 0.0000	 153.1386	 1.0945	 78.5505	 0.0478	 0.4700
0.0000	 -23.9702	 0.0000	 151.0012	 1.0974	 78.4772	 0.0486	 0.4700
