0.1823	 -9.8896	 0.0000	 231.4571	 1.1559	 87.3346	 0.2280	 4.5300
0.1823	 -10.3540	 0.0000	 229.8356	 1.1576	 87.3114	 0.2280	 4.5300
0.1823	 -10.7670	 0.0000	 228.4009	 1.1592	 87.2907	 0.2280	 4.5300
0.1823	 -11.1137	 0.0000	 227.2013	 1.1605	 87.2732	 0.2280	 4.5300
0.1823	 -11.3796	 0.0000	 226.2847	 1.1615	 87.2598	 0.2280	 4.5300
0.1823	 -11.5500	 0.0000	 225.6540	 1.1621	 87.2512	 0.2255	 4.5300
0.1823	 -11.6100	 0.0000	 225.4259	 1.1623	 87.2482	 0.2243	 4.5300
0.1823	 -11.2765	 0.1122	 226.5572	 1.1611	 87.2650	 0.2234	 4.5300
0.1823	 -10.4165	 30.7213	 229.4506	 1.1579	 87.3082	 0.2189	 4.5300
0.1823	 -9.2406	 77.5016	 233.4822	 1.1535	 87.3669	 0.2143	 4.5300
0.1823	 -7.9594	 110.8228	 237.9421	 1.1487	 87.4303	 0.2097	 4.5300
0.1823	 -6.7835	 128.4140	 242.0833	 1.1444	 87.4879	 0.2051	 4.5300
0.1823	 -5.9235	 129.0764	 245.1212	 1.1413	 87.5298	 0.2006	 4.5300
0.1823	 -5.5900	 112.7649	 246.2505	 1.1401	 87.5459	 0.1960	 4.5300
0.1823	 -5.7300	 80.5910	 245.6455	 1.1406	 87.5391	 0.1914	 4.5300
0.1823	 -6.1273	 34.7474	 244.1029	 1.1420	 87.5199	 0.1868	 4.5300
0.1823	 -6.7474	 0.5616	 241.7600	 1.1443	 87.4897	 0.1822	 4.5300
0.1823	 -7.5561	 0.0000	 238.7571	 1.1473	 87.4501	 0.1777	 4.5300
0.1823	 -8.5192	 0.0000	 235.2347	 1.1508	 87.4026	 0.1731	 4.5300
0.1823	 -9.6022	 0.0000	 231.3307	 1.1548	 87.3489	 0.1685	 4.5300
0.1823	 -10.7711	 0.0000	 227.1791	 1.1592	 87.2905	 0.1639	 4.5300
0.1823	 -11.9913	 0.0000	 222.9081	 1.1638	 87.2289	 0.1594	 4.5300
0.1823	 -13.2287	 0.0000	 218.6396	 1.1685	 87.1659	 0.1548	 4.5300
0.1823	 -14.4489	 0.0000	 214.4890	 1.1732	 87.1033	 0.1502	 4.5300
0.0000	 -15.6178	 0.0000	 175.9205	 1.1777	 87.0428	 0.1456	 2.6300
0.0000	 -16.7008	 0.0000	 172.8130	 1.1819	 86.9862	 0.1403	 2.6300
0.0000	 -17.6639	 0.0000	 169.8135	 1.1856	 86.9356	 0.1282	 2.6300
0.0000	 -18.4726	 0.0000	 167.3451	 1.1888	 86.8927	 0.1187	 2.6300
0.0000	 -19.0927	 0.0000	 165.4825	 1.1913	 86.8597	 0.1118	 2.6300
0.0000	 -19.4900	 0.0000	 164.3029	 1.1928	 86.8385	 0.1077	 2.6300
0.0000	 -19.6300	 0.0000	 163.8895	 1.1934	 86.8310	 0.1062	 2.6300
0.0000	 -18.9409	 0.2772	 165.9362	 1.1907	 86.8678	 0.1135	 2.6300
0.0000	 -17.1638	 59.8773	 170.6074	 1.1837	 86.9619	 0.1138	 2.6300
0.0000	 -14.7338	 149.6424	 177.0522	 1.1742	 87.0886	 0.1116	 2.6300
0.0000	 -12.0862	 213.5789	 184.2870	 1.1641	 87.2241	 0.1094	 2.6300
0.0000	 -9.6562	 247.3296	 191.1119	 1.1550	 87.3462	 0.1073	 2.6300
0.0000	 -7.8791	 248.5944	 196.1963	 1.1484	 87.4342	 0.1051	 2.6300
0.0000	 -7.1900	 217.2872	 198.1370	 1.1459	 87.4680	 0.1029	 2.6300
0.0000	 -7.3770	 155.5415	 197.4890	 1.1466	 87.4589	 0.1007	 2.6300
0.0000	 -7.9075	 67.5651	 195.8314	 1.1485	 87.4328	 0.0985	 2.6300
0.0000	 -8.7356	 1.2046	 193.3165	 1.1516	 87.3919	 0.0964	 2.6300
0.0000	 -9.8157	 0.0000	 190.1010	 1.1556	 87.3383	 0.0942	 2.6300
0.0000	 -11.1018	 0.0000	 186.3417	 1.1604	 87.2738	 0.0920	 2.6300
0.0000	 -12.5482	 0.0000	 182.1918	 1.1659	 87.2006	 0.0898	 2.6300
0.0000	 -14.1091	 0.0000	 177.7984	 1.1718	 87.1208	 0.0876	 2.6300
0.0000	 -15.7387	 0.0000	 173.3005	 1.1781	 87.0365	 0.0855	 2.6300
0.0000	 -17.3913	 0.0000	 168.8280	 1.1846	 86.9499	 0.0833	 2.6300
0.0000	 -19.0209	 0.0000	 164.5014	 1.1910	 86.8636	 0.0811	 2.6300
0.0000	 -20.5818	 0.0000	 158.5616	 1.1972	 86.7798	 0.0789	 0.6900
0.0000	 -22.0282	 0.0000	 154.8927	 1.2030	 86.7014	 0.0767	 0.6900
0.0000	 -23.3143	 0.0000	 151.6563	 1.2082	 86.6309	 0.0741	 0.6900
0.0000	 -24.3944	 0.0000	 148.7700	 1.2126	 86.5712	 0.0665	 0.6900
0.0000	 -25.2225	 0.0000	 146.6000	 1.2160	 86.5251	 0.0612	 0.6900
0.0000	 -25.7530	 0.0000	 145.2291	 1.2182	 86.4955	 0.0580	 0.6900
0.0000	 -25.9400	 0.0000	 144.7493	 1.2190	 86.4850	 0.0569	 0.6900
0.0000	 -25.1263	 0.3588	 146.8503	 1.2156	 86.5305	 0.0618	 0.6900
0.0000	 -23.0277	 62.9165	 152.1452	 1.2070	 86.6467	 0.0689	 0.6900
0.0000	 -20.1582	 155.8027	 159.2779	 1.1955	 86.8027	 0.0704	 0.6900
0.0000	 -17.0318	 221.9680	 167.3259	 1.1832	 86.9688	 0.0719	 0.6900
0.0000	 -14.1623	 256.9034	 174.9827	 1.1721	 87.1181	 0.0734	 0.6900
0.0000	 -12.0637	 258.2281	 180.7648	 1.1641	 87.2252	 0.0750	 0.6900
0.0000	 -11.2500	 225.8517	 183.0868	 1.1610	 87.2664	 0.0765	 0.6900
0.0000	 -11.3420	 161.9808	 182.8991	 1.1613	 87.2617	 0.0780	 0.6900
0.0000	 -11.6028	 70.9679	 182.2423	 1.1623	 87.2486	 0.0795	 0.6900
0.0000	 -12.0100	 1.4092	 181.1824	 1.1639	 87.2280	 0.0810	 0.6900
0.0000	 -12.5411	 0.0000	 179.7865	 1.1659	 87.2010	 0.0825	 0.6900
0.0000	 -13.1736	 0.0000	 178.1219	 1.1683	 87.1688	 0.0841	 0.6900
0.0000	 -13.8848	 0.0000	 176.2552	 1.1710	 87.1323	 0.0856	 0.6900
0.0000	 -14.6524	 0.0000	 174.2519	 1.1739	 87.0928	 0.0871	 0.6900
0.0000	 -15.4537	 0.0000	 172.1756	 1.1770	 87.0513	 0.0886	 0.6900
0.0000	 -16.2663	 0.0000	 170.0878	 1.1802	 87.0090	 0.0901	 0.6900
0.0000	 -17.0676	 0.0000	 168.0482	 1.1833	 86.9670	 0.0917	 0.6900
0.0000	 -17.8352	 0.0000	 179.8861	 1.1863	 86.9265	 0.0932	 2.0500
0.0000	 -18.5464	 0.0000	 177.9472	 1.1891	 86.8888	 0.0947	 2.0500
0.0000	 -19.1789	 0.0000	 176.2415	 1.1916	 86.8551	 0.0962	 2.0500
0.0000	 -19.7100	 0.0000	 174.8260	 1.1937	 86.8267	 0.0977	 2.0500
0.0000	 -20.1172	 0.0000	 173.7574	 1.1953	 86.8049	 0.0992	 2.0500
0.0000	 -20.3780	 0.0000	 173.0316	 1.1964	 86.7908	 0.0988	 2.0500
0.0000	 -20.4700	 0.0000	 172.7538	 1.1967	 86.7859	 0.0979	 2.0500
0.0000	 -20.0357	 0.3576	 174.0702	 1.1950	 86.8092	 0.1021	 2.0500
0.0000	 -18.9157	 52.0613	 177.2511	 1.1906	 86.8692	 0.1051	 2.0500
0.0000	 -17.3843	 127.7725	 181.5857	 1.1845	 86.9503	 0.1065	 2.0500
0.0000	 -15.7157	 181.7148	 186.3943	 1.1780	 87.0377	 0.1080	 2.0500
0.0000	 -14.1843	 210.2123	 190.8949	 1.1721	 87.1169	 0.1094	 2.0500
0.0000	 -13.0643	 211.3228	 194.2504	 1.1679	 87.1743	 0.1108	 2.0500
0.0000	 -12.6300	 184.9708	 195.5923	 1.1662	 87.1965	 0.1122	 2.0500
0.0000	 -12.6780	 132.9520	 195.4962	 1.1664	 87.1940	 0.1137	 2.0500
0.0000	 -12.8141	 58.8114	 195.1370	 1.1669	 87.1871	 0.1151	 2.0500
0.0000	 -13.0265	 1.3094	 194.5506	 1.1677	 87.1763	 0.1165	 2.0500
0.0000	 -13.3036	 0.0000	 193.7736	 1.1688	 87.1621	 0.1179	 2.0500
0.0000	 -13.6335	 0.0000	 192.8424	 1.1700	 87.1452	 0.1193	 2.0500
0.0000	 -14.0046	 0.0000	 191.7932	 1.1714	 87.1262	 0.1208	 2.0500
0.0000	 -14.4050	 0.0000	 190.6620	 1.1730	 87.1056	 0.1222	 2.0500
0.0000	 -14.8230	 0.0000	 189.4842	 1.1746	 87.0840	 0.1236	 2.0500
0.0000	 -15.2470	 0.0000	 188.2947	 1.1762	 87.0620	 0.1250	 2.0500
0.0000	 -15.6650	 0.0000	 187.1275	 1.1778	 87.0403	 0.1264	 2.0500
0.1229	 -16.0654	 0.0000	 202.0029	 1.1794	 87.0194	 0.1279	 1.8900
0.1229	 -16.4365	 0.0000	 200.8758	 1.1808	 87.0001	 0.1293	 1.8900
0.1229	 -16.7664	 0.0000	 199.8811	 1.1821	 86.9828	 0.1307	 1.8900
0.1229	 -17.0435	 0.0000	 199.0537	 1.1832	 86.9682	 0.1321	 1.8900
0.1229	 -17.2559	 0.0000	 198.4203	 1.1840	 86.9571	 0.1332	 1.8900
0.1229	 -17.3920	 0.0000	 197.9620	 1.1846	 86.9499	 0.1315	 1.8900
0.1229	 -17.4400	 0.0000	 197.8008	 1.1848	 86.9474	 0.1309	 1.8900
0.1229	 -17.0151	 0.3183	 199.2339	 1.1831	 86.9697	 0.1363	 1.8900
0.1229	 -15.9194	 39.1674	 202.7924	 1.1788	 87.0271	 0.1425	 1.8900
0.1229	 -14.4212	 95.2907	 207.6089	 1.1730	 87.1047	 0.1455	 1.8900
0.1229	 -12.7888	 135.2903	 212.9474	 1.1668	 87.1884	 0.1486	 1.8900
0.1229	 -11.2906	 156.4404	 217.9428	 1.1611	 87.2643	 0.1516	 1.8900
0.1229	 -10.1949	 157.2996	 221.6707	 1.1570	 87.3193	 0.1547	 1.8900
0.1229	 -9.7700	 137.8093	 223.1730	 1.1555	 87.3406	 0.1577	 1.8900
0.1229	 -9.7962	 99.2979	 223.1563	 1.1555	 87.3392	 0.1608	 1.8900
0.1229	 -9.8706	 44.3898	 222.9766	 1.1558	 87.3355	 0.1638	 1.8900
0.1229	 -9.9868	 1.1130	 222.6560	 1.1563	 87.3297	 0.1669	 1.8900
0.1229	 -10.1383	 0.0000	 222.2164	 1.1568	 87.3222	 0.1699	 1.8900
0.1229	 -10.3187	 0.0000	 221.6801	 1.1575	 87.3131	 0.1730	 1.8900
0.1229	 -10.5216	 0.0000	 221.0690	 1.1583	 87.3030	 0.1760	 1.8900
0.1229	 -10.7405	 0.0000	 220.4052	 1.1591	 87.2920	 0.1791	 1.8900
0.1229	 -10.9691	 0.0000	 219.7103	 1.1599	 87.2805	 0.1821	 1.8900
0.1229	 -11.2009	 0.0000	 219.0061	 1.1608	 87.2688	 0.1852	 1.8900
0.1229	 -11.4295	 0.0000	 218.3139	 1.1617	 87.2573	 0.1882	 1.8900
0.2156	 -11.6484	 0.0000	 229.9372	 1.1625	 87.2463	 0.1913	 3.1600
0.2156	 -11.8513	 0.0000	 229.2763	 1.1633	 87.2360	 0.1943	 3.1600
0.2156	 -12.0317	 0.0000	 228.6952	 1.1639	 87.2269	 0.1974	 3.1600
0.2156	 -12.1832	 0.0000	 228.2156	 1.1645	 87.2192	 0.2004	 3.1600
0.2156	 -12.2994	 0.0000	 227.8596	 1.1650	 87.2133	 0.2035	 3.1600
0.2156	 -12.3738	 0.0000	 227.6491	 1.1652	 87.2095	 0.2065	 3.1600
0.2156	 -12.4000	 0.0000	 227.5940	 1.1653	 87.2082	 0.2088	 3.1600
0.2156	 -12.1208	 0.2782	 228.5946	 1.1643	 87.2223	 0.2106	 3.1600
0.2156	 -11.4008	 29.3791	 231.1339	 1.1616	 87.2588	 0.2116	 3.1600
0.2156	 -10.4163	 70.8688	 234.6343	 1.1579	 87.3083	 0.2126	 3.1600
0.2156	 -9.3437	 100.4521	 238.4917	 1.1539	 87.3618	 0.2136	 3.1600
0.2156	 -8.3592	 116.1131	 242.0751	 1.1502	 87.4105	 0.2146	 3.1600
0.2156	 -7.6392	 116.7844	 244.7257	 1.1476	 87.4460	 0.2156	 3.1600
0.2156	 -7.3600	 102.4203	 245.7695	 1.1465	 87.4597	 0.2166	 3.1600
0.2156	 -7.4065	 73.9996	 245.6150	 1.1467	 87.4574	 0.2176	 3.1600
0.2156	 -7.5383	 33.4593	 245.1463	 1.1472	 87.4510	 0.2186	 3.1600
0.2156	 -7.7441	 0.9485	 244.4066	 1.1479	 87.4408	 0.2196	 3.1600
0.2156	 -8.0126	 0.0000	 243.4395	 1.1489	 87.4276	 0.2206	 3.1600
0.2156	 -8.3322	 0.0000	 242.2884	 1.1501	 87.4119	 0.2216	 3.1600
0.2156	 -8.6917	 0.0000	 240.9967	 1.1514	 87.3941	 0.2226	 3.1600
0.2156	 -9.0796	 0.0000	 239.6072	 1.1529	 87.3749	 0.2236	 3.1600
0.2156	 -9.4846	 0.0000	 238.1622	 1.1544	 87.3548	 0.2246	 3.1600
0.2156	 -9.8954	 0.0000	 236.7034	 1.1559	 87.3343	 0.2256	 3.1600
0.2156	 -10.3004	 0.0000	 235.2715	 1.1574	 87.3141	 0.2266	 3.1600
0.0885	 -10.6883	 0.0000	 214.0347	 1.1589	 87.2946	 0.2276	 5.6600
0.0885	 -11.0478	 0.0000	 212.8968	 1.1602	 87.2765	 0.2286	 5.6600
0.0885	 -11.3674	 0.0000	 211.8834	 1.1614	 87.2604	 0.2293	 5.6600
0.0885	 -11.6359	 0.0000	 210.8873	 1.1624	 87.2469	 0.2238	 5.6600
0.0885	 -11.8417	 0.0000	 210.1274	 1.1632	 87.2365	 0.2197	 5.6600
0.0885	 -11.9735	 0.0000	 209.6423	 1.1637	 87.2298	 0.2171	 5.6600
0.0885	 -12.0200	 0.0000	 209.4716	 1.1639	 87.2275	 0.2161	 5.6600
0.0885	 -11.4295	 0.5876	 211.6525	 1.1617	 87.2573	 0.2280	 5.6600
0.0885	 -9.9066	 47.3589	 216.4757	 1.1560	 87.3337	 0.2235	 5.6600
0.0885	 -7.8244	 112.3060	 223.2307	 1.1482	 87.4369	 0.2184	 5.6600
0.0885	 -5.5556	 158.5695	 230.7796	 1.1399	 87.5476	 0.2133	 5.6600
0.0885	 -3.4734	 182.9966	 237.8622	 1.1324	 87.6476	 0.2083	 5.6600
0.0885	 -1.9505	 183.9227	 243.1049	 1.1270	 87.7199	 0.2032	 5.6600
0.0885	 -1.3600	 161.2846	 245.0717	 1.1249	 87.7477	 0.1981	 5.6600
0.0885	 -1.5472	 116.6252	 244.2558	 1.1256	 87.7389	 0.1931	 5.6600
0.0885	 -2.0782	 52.9877	 242.2165	 1.1275	 87.7138	 0.1880	 5.6600
0.0885	 -2.9073	 1.5839	 239.1385	 1.1304	 87.6746	 0.1830	 5.6600
0.0885	 -3.9885	 0.0000	 235.2111	 1.1343	 87.6230	 0.1779	 5.6600
0.0885	 -5.2760	 0.0000	 230.6240	 1.1389	 87.5611	 0.1728	 5.6600
0.0885	 -6.7239	 0.0000	 225.5625	 1.1442	 87.4908	 0.1678	 5.6600
0.0885	 -8.2865	 0.0000	 220.2047	 1.1499	 87.4141	 0.1627	 5.6600
0.0885	 -9.9179	 0.0000	 214.7187	 1.1560	 87.3332	 0.1576	 5.6600
0.0885	 -11.5721	 0.0000	 209.2622	 1.1622	 87.2501	 0.1526	 5.6600
0.0885	 -13.2035	 0.0000	 203.9812	 1.1684	 87.1672	 0.1475	 5.6600
0.0000	 -14.7661	 0.0000	 178.5763	 1.1744	 87.0869	 0.1424	 2.1500
0.0000	 -16.2140	 0.0000	 174.4536	 1.1800	 87.0117	 0.1374	 2.1500
0.0000	 -17.5015	 0.0000	 170.7492	 1.1850	 86.9441	 0.1301	 2.1500
0.0000	 -18.5827	 0.0000	 167.4425	 1.1892	 86.8869	 0.1174	 2.1500
0.0000	 -19.4118	 0.0000	 164.9607	 1.1925	 86.8427	 0.1085	 2.1500
0.0000	 -19.9428	 0.0000	 163.3946	 1.1946	 86.8142	 0.1031	 2.1500
0.0000	 -20.1300	 0.0000	 162.8469	 1.1954	 86.8042	 0.1012	 2.1500
0.0000	 -19.4597	 0.9436	 164.8184	 1.1927	 86.8401	 0.1080	 2.1500
0.0000	 -17.7312	 67.4467	 169.3106	 1.1859	 86.9320	 0.1075	 2.1500
0.0000	 -15.3676	 158.6691	 175.5384	 1.1767	 87.0558	 0.1052	 2.1500
0.0000	 -12.7924	 223.6933	 182.5249	 1.1668	 87.1882	 0.1029	 2.1500
0.0000	 -10.4288	 258.0881	 189.1101	 1.1579	 87.3076	 0.1006	 2.1500
0.0000	 -8.7003	 259.5096	 194.0109	 1.1515	 87.3937	 0.0983	 2.1500
0.0000	 -8.0300	 227.8608	 195.8759	 1.1490	 87.4268	 0.0960	 2.1500
0.0000	 -8.2203	 165.2986	 195.2182	 1.1497	 87.4174	 0.0938	 2.1500
0.0000	 -8.7601	 76.0865	 193.5414	 1.1517	 87.3907	 0.0915	 2.1500
0.0000	 -9.6028	 2.5885	 190.9998	 1.1548	 87.3489	 0.0892	 2.1500
0.0000	 -10.7019	 0.0000	 187.7520	 1.1589	 87.2939	 0.0869	 2.1500
0.0000	 -12.0107	 0.0000	 183.9566	 1.1639	 87.2279	 0.0846	 2.1500
0.0000	 -13.4825	 0.0000	 179.7687	 1.1695	 87.1530	 0.0823	 2.1500
0.0000	 -15.0709	 0.0000	 175.3371	 1.1755	 87.0711	 0.0800	 2.1500
0.0000	 -16.7292	 0.0000	 170.8021	 1.1820	 86.9847	 0.0778	 2.1500
0.0000	 -18.4108	 0.0000	 166.2948	 1.1886	 86.8960	 0.0755	 2.1500
0.0000	 -20.0691	 0.0000	 161.9362	 1.1951	 86.8074	 0.0732	 2.1500
0.0000	 -21.6575	 0.0000	 156.7155	 1.2015	 86.7216	 0.0709	 0.3500
0.0000	 -23.1293	 0.0000	 153.0062	 1.2074	 86.6411	 0.0686	 0.3500
0.0000	 -24.4381	 0.0000	 149.7505	 1.2128	 86.5688	 0.0662	 0.3500
0.0000	 -25.5372	 0.0000	 146.8661	 1.2173	 86.5076	 0.0593	 0.3500
0.0000	 -26.3799	 0.0000	 144.6971	 1.2208	 86.4602	 0.0544	 0.3500
0.0000	 -26.9197	 0.0000	 143.3266	 1.2230	 86.4298	 0.0515	 0.3500
0.0000	 -27.1100	 0.0000	 142.8469	 1.2238	 86.4190	 0.0505	 0.3500
0.0000	 -26.3838	 1.2352	 144.6871	 1.2208	 86.4600	 0.0544	 0.3500
0.0000	 -24.5109	 71.0853	 149.2608	 1.2131	 86.5648	 0.0581	 0.3500
0.0000	 -21.9501	 164.5611	 155.5011	 1.2027	 86.7057	 0.0586	 0.3500
0.0000	 -19.1599	 231.1410	 162.5190	 1.1915	 86.8561	 0.0591	 0.3500
0.0000	 -16.5991	 266.2879	 169.1685	 1.1815	 86.9915	 0.0596	 0.3500
0.0000	 -14.7262	 267.6064	 174.1649	 1.1742	 87.0890	 0.0601	 0.3500
0.0000	 -14.0000	 235.0067	 176.1451	 1.1714	 87.1264	 0.0606	 0.3500
0.0000	 -14.1115	 170.7104	 175.8650	 1.1719	 87.1207	 0.0611	 0.3500
0.0000	 -14.4278	 79.0993	 175.0324	 1.1731	 87.1044	 0.0616	 0.3500
0.0000	 -14.9216	 2.8746	 173.7265	 1.1750	 87.0789	 0.0620	 0.3500
0.0000	 -15.5656	 0.0000	 172.0279	 1.1775	 87.0455	 0.0625	 0.3500
0.0000	 -16.3325	 0.0000	 170.0174	 1.1804	 87.0055	 0.0630	 0.3500
0.0000	 -17.1949	 0.0000	 167.7748	 1.1838	 86.9603	 0.0635	 0.3500
0.0000	 -18.1257	 0.0000	 165.3780	 1.1874	 86.9111	 0.0640	 0.3500
0.0000	 -19.0973	 0.0000	 162.9022	 1.1913	 86.8595	 0.0645	 0.3500
0.0000	 -20.0827	 0.0000	 160.4198	 1.1952	 86.8067	 0.0650	 0.3500
0.0000	 -21.0543	 0.0000	 157.9999	 1.1991	 86.7543	 0.0655	 0.3500
0.0000	 -21.9851	 0.0000	 156.2726	 1.2028	 86.7038	 0.0659	 0.3700
0.0000	 -22.8475	 0.0000	 154.1651	 1.2063	 86.6566	 0.0664	 0.3700
0.0000	 -23.6144	 0.0000	 152.3110	 1.2094	 86.6144	 0.0669	 0.3700
0.0000	 -24.2584	 0.0000	 150.7700	 1.2120	 86.5788	 0.0674	 0.3700
0.0000	 -24.7522	 0.0000	 149.4596	 1.2141	 86.5514	 0.0642	 0.3700
0.0000	 -25.0685	 0.0000	 148.6261	 1.2154	 86.5337	 0.0622	 0.3700
0.0000	 -25.1800	 0.0000	 148.3335	 1.2158	 86.5275	 0.0615	 0.3700
0.0000	 -24.4843	 1.3747	 150.1699	 1.2130	 86.5663	 0.0659	 0.3700
0.0000	 -22.6900	 71.7087	 154.7147	 1.2057	 86.6652	 0.0706	 0.3700
0.0000	 -20.2366	 164.7665	 160.8738	 1.1958	 86.7984	 0.0715	 0.3700
0.0000	 -17.5634	 231.1087	 167.7887	 1.1852	 86.9409	 0.0724	 0.3700
0.0000	 -15.1100	 266.2142	 174.3323	 1.1757	 87.0691	 0.0732	 0.3700
0.0000	 -13.3157	 267.6907	 179.2478	 1.1688	 87.1615	 0.0741	 0.3700
0.0000	 -12.6200	 235.4375	 181.2048	 1.1662	 87.1970	 0.0750	 0.3700
0.0000	 -12.7152	 171.6526	 180.9791	 1.1665	 87.1921	 0.0759	 0.3700
0.0000	 -12.9854	 80.6828	 180.2703	 1.1676	 87.1784	 0.0768	 0.3700
0.0000	 -13.4072	 3.3436	 179.1468	 1.1692	 87.1568	 0.0776	 0.3700
0.0000	 -13.9573	 0.0000	 177.6780	 1.1713	 87.1286	 0.0785	 0.3700
0.0000	 -14.6124	 0.0000	 175.9337	 1.1738	 87.0949	 0.0794	 0.3700
0.0000	 -15.3491	 0.0000	 173.9826	 1.1766	 87.0567	 0.0803	 0.3700
0.0000	 -16.1442	 0.0000	 171.8923	 1.1797	 87.0153	 0.0811	 0.3700
0.0000	 -16.9742	 0.0000	 169.7286	 1.1829	 86.9719	 0.0820	 0.3700
0.0000	 -17.8158	 0.0000	 167.5547	 1.1862	 86.9275	 0.0829	 0.3700
0.0000	 -18.6458	 0.0000	 165.4318	 1.1895	 86.8835	 0.0838	 0.3700
